9.997104666934724548e+01
1.016474690910461618e+02
1.015218136786766223e+02
1.004363490045491716e+02
1.019871493100053783e+02
9.952532880796933057e+01
9.936826172682135905e+01
1.004204190311655367e+02
1.004817216918231253e+02
9.950597606087954716e+01
1.008726640264174392e+02
1.000991742465955952e+02
1.003709751610514331e+02
9.997144824047892087e+01
1.000230912898057483e+02
1.004266749563047938e+02
1.007153980730624596e+02
1.007065866687674855e+02
9.839136803865125103e+01
9.898615674184861746e+01
9.965853143346849663e+01
1.007330256084943443e+02
1.021343247046198144e+02
1.029828220622413966e+02
9.985126778382253576e+01
1.000810505933696390e+02
9.900736878930997875e+01
9.998392882174101715e+01
1.015442540216543961e+02
1.006006244288535640e+02
9.998195268181571294e+01
1.009599333414030582e+02
