2.011000000000000000e+03 9.000000000000000000e+00
2.004000000000000000e+03 1.200000000000000000e+01
2.007000000000000000e+03 1.900000000000000000e+01
2.007000000000000000e+03 4.400000000000000000e+01
2.009000000000000000e+03 9.000000000000000000e+00
2.008000000000000000e+03 1.200000000000000000e+01
2.009000000000000000e+03 1.200000000000000000e+01
2.003000000000000000e+03 8.000000000000000000e+00
2.006000000000000000e+03 1.800000000000000000e+01
2.008000000000000000e+03 1.000000000000000000e+01
2.007000000000000000e+03 1.400000000000000000e+01
2.010000000000000000e+03 3.300000000000000000e+01
2.007000000000000000e+03 1.000000000000000000e+01
2.006000000000000000e+03 7.000000000000000000e+00
2.006000000000000000e+03 2.400000000000000000e+01
2.008000000000000000e+03 1.200000000000000000e+01
2.005000000000000000e+03 1.200000000000000000e+01
2.009000000000000000e+03 1.000000000000000000e+01
2.009000000000000000e+03 1.600000000000000000e+01
2.006000000000000000e+03 1.300000000000000000e+01
2.005000000000000000e+03 1.400000000000000000e+01
2.006000000000000000e+03 1.800000000000000000e+01
2.010000000000000000e+03 3.200000000000000000e+01
2.008000000000000000e+03 1.200000000000000000e+01
2.008000000000000000e+03 1.200000000000000000e+01
2.006000000000000000e+03 1.000000000000000000e+01
2.005000000000000000e+03 1.500000000000000000e+01
2.008000000000000000e+03 2.900000000000000000e+01
2.006000000000000000e+03 1.900000000000000000e+01
2.006000000000000000e+03 2.000000000000000000e+01
2.005000000000000000e+03 1.300000000000000000e+01
2.002000000000000000e+03 1.000000000000000000e+01
2.008000000000000000e+03 1.600000000000000000e+01
2.008000000000000000e+03 1.200000000000000000e+01
2.008000000000000000e+03 8.000000000000000000e+00
2.005000000000000000e+03 1.000000000000000000e+01
2.001000000000000000e+03 3.800000000000000000e+01
2.008000000000000000e+03 1.600000000000000000e+01
2.005000000000000000e+03 1.200000000000000000e+01
1.995000000000000000e+03 5.000000000000000000e+00
2.008000000000000000e+03 2.000000000000000000e+01
2.000000000000000000e+03 1.000000000000000000e+01
2.009000000000000000e+03 1.500000000000000000e+01
2.007000000000000000e+03 1.200000000000000000e+01
2.001000000000000000e+03 1.500000000000000000e+01
2.002000000000000000e+03 1.800000000000000000e+01
1.998000000000000000e+03 1.200000000000000000e+01
2.005000000000000000e+03 1.000000000000000000e+01
2.008000000000000000e+03 2.400000000000000000e+01
2.010000000000000000e+03 1.400000000000000000e+01
2.004000000000000000e+03 1.800000000000000000e+01
2.008000000000000000e+03 1.400000000000000000e+01
2.009000000000000000e+03 1.800000000000000000e+01
2.007000000000000000e+03 1.200000000000000000e+01
2.002000000000000000e+03 1.100000000000000000e+01
2.010000000000000000e+03 2.000000000000000000e+01
2.005000000000000000e+03 1.600000000000000000e+01
2.002000000000000000e+03 9.000000000000000000e+00
2.006000000000000000e+03 1.000000000000000000e+01
2.006000000000000000e+03 8.000000000000000000e+00
2.003000000000000000e+03 1.100000000000000000e+01
2.008000000000000000e+03 2.300000000000000000e+01
2.003000000000000000e+03 1.700000000000000000e+01
2.009000000000000000e+03 2.500000000000000000e+01
2.004000000000000000e+03 3.300000000000000000e+01
2.008000000000000000e+03 2.000000000000000000e+01
2.005000000000000000e+03 2.300000000000000000e+01
2.006000000000000000e+03 1.000000000000000000e+01
2.008000000000000000e+03 1.200000000000000000e+01
2.009000000000000000e+03 1.000000000000000000e+01
2.004000000000000000e+03 1.400000000000000000e+01
2.003000000000000000e+03 1.600000000000000000e+01
2.010000000000000000e+03 2.000000000000000000e+01
2.004000000000000000e+03 1.100000000000000000e+01
2.005000000000000000e+03 1.100000000000000000e+01
2.005000000000000000e+03 1.400000000000000000e+01
1.999000000000000000e+03 1.200000000000000000e+01
2.000000000000000000e+03 8.000000000000000000e+00
2.005000000000000000e+03 1.000000000000000000e+01
1.995000000000000000e+03 1.300000000000000000e+01
2.008000000000000000e+03 9.000000000000000000e+00
1.996000000000000000e+03 8.000000000000000000e+00
2.005000000000000000e+03 2.200000000000000000e+01
2.007000000000000000e+03 1.900000000000000000e+01
2.009000000000000000e+03 1.200000000000000000e+01
2.004000000000000000e+03 2.600000000000000000e+01
2.006000000000000000e+03 2.000000000000000000e+01
2.007000000000000000e+03 1.200000000000000000e+01
2.006000000000000000e+03 3.000000000000000000e+01
2.002000000000000000e+03 1.500000000000000000e+01
2.010000000000000000e+03 5.500000000000000000e+01
2.009000000000000000e+03 2.200000000000000000e+01
2.004000000000000000e+03 8.000000000000000000e+00
2.006000000000000000e+03 1.500000000000000000e+01
2.006000000000000000e+03 1.300000000000000000e+01
2.005000000000000000e+03 1.600000000000000000e+01
2.006000000000000000e+03 1.200000000000000000e+01
2.001000000000000000e+03 9.000000000000000000e+00
2.006000000000000000e+03 1.400000000000000000e+01
2.005000000000000000e+03 8.000000000000000000e+00
2.000000000000000000e+03 2.000000000000000000e+01
2.008000000000000000e+03 1.200000000000000000e+01
2.001000000000000000e+03 1.200000000000000000e+01
2.008000000000000000e+03 2.000000000000000000e+01
2.008000000000000000e+03 1.600000000000000000e+01
2.010000000000000000e+03 1.600000000000000000e+01
2.010000000000000000e+03 3.000000000000000000e+01
2.008000000000000000e+03 1.200000000000000000e+01
2.010000000000000000e+03 1.400000000000000000e+01
2.004000000000000000e+03 1.200000000000000000e+01
2.007000000000000000e+03 2.400000000000000000e+01
2.009000000000000000e+03 1.800000000000000000e+01
1.988000000000000000e+03 1.700000000000000000e+01
2.006000000000000000e+03 1.200000000000000000e+01
2.006000000000000000e+03 2.400000000000000000e+01
1.997000000000000000e+03 1.000000000000000000e+01
2.005000000000000000e+03 8.000000000000000000e+00
2.006000000000000000e+03 1.300000000000000000e+01
2.009000000000000000e+03 1.800000000000000000e+01
2.006000000000000000e+03 1.500000000000000000e+01
2.000000000000000000e+03 1.000000000000000000e+01
2.004000000000000000e+03 1.400000000000000000e+01
2.003000000000000000e+03 2.400000000000000000e+01
2.001000000000000000e+03 3.700000000000000000e+01
2.004000000000000000e+03 1.700000000000000000e+01
2.006000000000000000e+03 2.000000000000000000e+01
1.995000000000000000e+03 6.000000000000000000e+00
2.007000000000000000e+03 1.100000000000000000e+01
2.011000000000000000e+03 1.200000000000000000e+01
2.008000000000000000e+03 1.700000000000000000e+01
2.008000000000000000e+03 1.300000000000000000e+01
2.002000000000000000e+03 8.000000000000000000e+00
2.000000000000000000e+03 1.400000000000000000e+01
2.006000000000000000e+03 1.500000000000000000e+01
2.000000000000000000e+03 6.000000000000000000e+00
2.005000000000000000e+03 1.800000000000000000e+01
1.996000000000000000e+03 7.000000000000000000e+00
2.006000000000000000e+03 1.500000000000000000e+01
2.002000000000000000e+03 1.400000000000000000e+01
2.007000000000000000e+03 1.000000000000000000e+01
2.008000000000000000e+03 2.100000000000000000e+01
2.001000000000000000e+03 1.200000000000000000e+01
2.002000000000000000e+03 1.600000000000000000e+01
2.007000000000000000e+03 2.000000000000000000e+01
2.008000000000000000e+03 1.800000000000000000e+01
2.006000000000000000e+03 2.000000000000000000e+01
2.009000000000000000e+03 1.900000000000000000e+01
2.005000000000000000e+03 2.000000000000000000e+01
1.996000000000000000e+03 1.000000000000000000e+01
2.003000000000000000e+03 1.800000000000000000e+01
1.996000000000000000e+03 8.000000000000000000e+00
2.003000000000000000e+03 1.500000000000000000e+01
2.008000000000000000e+03 8.000000000000000000e+00
2.008000000000000000e+03 1.000000000000000000e+01
2.005000000000000000e+03 1.300000000000000000e+01
2.001000000000000000e+03 1.900000000000000000e+01
2.002000000000000000e+03 1.600000000000000000e+01
2.003000000000000000e+03 7.000000000000000000e+00
1.997000000000000000e+03 2.400000000000000000e+01
1.997000000000000000e+03 1.100000000000000000e+01
2.005000000000000000e+03 1.000000000000000000e+01
2.008000000000000000e+03 1.100000000000000000e+01
2.006000000000000000e+03 1.900000000000000000e+01
2.009000000000000000e+03 1.800000000000000000e+01
2.001000000000000000e+03 7.000000000000000000e+00
2.007000000000000000e+03 9.000000000000000000e+00
2.001000000000000000e+03 9.000000000000000000e+00
2.007000000000000000e+03 1.400000000000000000e+01
2.008000000000000000e+03 1.500000000000000000e+01
2.006000000000000000e+03 8.000000000000000000e+00
2.007000000000000000e+03 1.200000000000000000e+01
2.007000000000000000e+03 4.200000000000000000e+01
2.006000000000000000e+03 7.000000000000000000e+00
2.010000000000000000e+03 2.400000000000000000e+01
2.004000000000000000e+03 1.000000000000000000e+01
2.009000000000000000e+03 1.000000000000000000e+01
2.006000000000000000e+03 1.200000000000000000e+01
2.010000000000000000e+03 1.200000000000000000e+01
2.009000000000000000e+03 1.000000000000000000e+01
2.005000000000000000e+03 1.600000000000000000e+01
2.007000000000000000e+03 1.900000000000000000e+01
2.006000000000000000e+03 2.400000000000000000e+01
2.009000000000000000e+03 1.000000000000000000e+01
2.009000000000000000e+03 2.000000000000000000e+01
2.004000000000000000e+03 2.000000000000000000e+01
2.002000000000000000e+03 6.000000000000000000e+00
2.004000000000000000e+03 1.600000000000000000e+01
1.998000000000000000e+03 1.000000000000000000e+01
2.006000000000000000e+03 9.000000000000000000e+00
2.008000000000000000e+03 4.800000000000000000e+01
2.008000000000000000e+03 1.900000000000000000e+01
2.009000000000000000e+03 2.100000000000000000e+01
2.010000000000000000e+03 2.000000000000000000e+01
2.006000000000000000e+03 2.500000000000000000e+01
2.006000000000000000e+03 1.200000000000000000e+01
2.006000000000000000e+03 1.300000000000000000e+01
2.007000000000000000e+03 8.000000000000000000e+00
1.996000000000000000e+03 6.000000000000000000e+00
2.009000000000000000e+03 2.100000000000000000e+01
1.998000000000000000e+03 6.000000000000000000e+00
2.008000000000000000e+03 1.400000000000000000e+01
2.001000000000000000e+03 9.000000000000000000e+00
2.005000000000000000e+03 2.600000000000000000e+01
2.010000000000000000e+03 1.900000000000000000e+01
2.007000000000000000e+03 4.200000000000000000e+01
2.004000000000000000e+03 6.000000000000000000e+00
2.010000000000000000e+03 3.100000000000000000e+01
2.007000000000000000e+03 1.100000000000000000e+01
2.008000000000000000e+03 7.000000000000000000e+00
2.005000000000000000e+03 7.000000000000000000e+00
2.008000000000000000e+03 1.200000000000000000e+01
2.009000000000000000e+03 1.600000000000000000e+01
2.001000000000000000e+03 1.100000000000000000e+01
2.009000000000000000e+03 1.700000000000000000e+01
1.996000000000000000e+03 6.000000000000000000e+00
2.008000000000000000e+03 1.600000000000000000e+01
2.005000000000000000e+03 1.800000000000000000e+01
2.010000000000000000e+03 3.600000000000000000e+01
2.010000000000000000e+03 1.500000000000000000e+01
2.005000000000000000e+03 2.200000000000000000e+01
2.005000000000000000e+03 1.400000000000000000e+01
2.008000000000000000e+03 1.200000000000000000e+01
2.004000000000000000e+03 1.000000000000000000e+01
2.000000000000000000e+03 1.100000000000000000e+01
2.005000000000000000e+03 1.200000000000000000e+01
2.005000000000000000e+03 1.200000000000000000e+01
2.005000000000000000e+03 1.600000000000000000e+01
2.009000000000000000e+03 4.400000000000000000e+01
2.008000000000000000e+03 1.800000000000000000e+01
2.006000000000000000e+03 1.900000000000000000e+01
2.001000000000000000e+03 8.000000000000000000e+00
2.007000000000000000e+03 1.600000000000000000e+01
2.002000000000000000e+03 1.600000000000000000e+01
2.001000000000000000e+03 9.000000000000000000e+00
1.996000000000000000e+03 1.000000000000000000e+01
2.005000000000000000e+03 1.000000000000000000e+01
2.001000000000000000e+03 9.000000000000000000e+00
2.007000000000000000e+03 1.700000000000000000e+01
2.004000000000000000e+03 1.300000000000000000e+01
2.006000000000000000e+03 2.000000000000000000e+01
1.994000000000000000e+03 4.000000000000000000e+00
2.005000000000000000e+03 2.000000000000000000e+01
2.005000000000000000e+03 2.200000000000000000e+01
2.006000000000000000e+03 2.100000000000000000e+01
1.999000000000000000e+03 3.000000000000000000e+00
2.006000000000000000e+03 1.200000000000000000e+01
2.007000000000000000e+03 1.400000000000000000e+01
2.008000000000000000e+03 1.500000000000000000e+01
2.009000000000000000e+03 1.200000000000000000e+01
2.005000000000000000e+03 1.800000000000000000e+01
2.004000000000000000e+03 1.200000000000000000e+01
2.009000000000000000e+03 2.400000000000000000e+01
2.009000000000000000e+03 1.600000000000000000e+01
2.002000000000000000e+03 1.100000000000000000e+01
2.009000000000000000e+03 1.200000000000000000e+01
1.997000000000000000e+03 8.000000000000000000e+00
2.002000000000000000e+03 1.200000000000000000e+01
2.002000000000000000e+03 6.000000000000000000e+00
1.993000000000000000e+03 5.000000000000000000e+00
2.001000000000000000e+03 1.000000000000000000e+01
2.001000000000000000e+03 6.000000000000000000e+00
2.006000000000000000e+03 1.700000000000000000e+01
2.009000000000000000e+03 2.000000000000000000e+01
2.006000000000000000e+03 2.100000000000000000e+01
2.009000000000000000e+03 1.200000000000000000e+01
2.002000000000000000e+03 1.300000000000000000e+01
2.007000000000000000e+03 1.800000000000000000e+01
2.000000000000000000e+03 6.000000000000000000e+00
2.008000000000000000e+03 1.200000000000000000e+01
2.007000000000000000e+03 6.400000000000000000e+01
2.007000000000000000e+03 2.000000000000000000e+01
2.001000000000000000e+03 5.000000000000000000e+00
2.006000000000000000e+03 2.000000000000000000e+01
2.004000000000000000e+03 9.000000000000000000e+00
2.001000000000000000e+03 1.300000000000000000e+01
2.007000000000000000e+03 2.800000000000000000e+01
2.007000000000000000e+03 1.200000000000000000e+01
2.001000000000000000e+03 1.200000000000000000e+01
1.997000000000000000e+03 1.320000000000000000e+02
2.002000000000000000e+03 1.200000000000000000e+01
2.006000000000000000e+03 1.600000000000000000e+01
2.005000000000000000e+03 1.700000000000000000e+01
2.003000000000000000e+03 1.400000000000000000e+01
2.007000000000000000e+03 1.800000000000000000e+01
2.004000000000000000e+03 1.000000000000000000e+01
2.005000000000000000e+03 1.300000000000000000e+01
2.002000000000000000e+03 1.500000000000000000e+01
2.006000000000000000e+03 1.500000000000000000e+01
2.004000000000000000e+03 1.400000000000000000e+01
2.001000000000000000e+03 7.000000000000000000e+00
2.006000000000000000e+03 2.900000000000000000e+01
2.008000000000000000e+03 2.800000000000000000e+01
2.005000000000000000e+03 8.000000000000000000e+00
2.010000000000000000e+03 1.800000000000000000e+01
2.003000000000000000e+03 8.000000000000000000e+00
2.003000000000000000e+03 8.000000000000000000e+00
2.004000000000000000e+03 2.000000000000000000e+01
2.007000000000000000e+03 1.400000000000000000e+01
2.005000000000000000e+03 1.000000000000000000e+01
2.004000000000000000e+03 1.000000000000000000e+01
1.997000000000000000e+03 1.000000000000000000e+01
2.004000000000000000e+03 1.000000000000000000e+01
2.000000000000000000e+03 1.000000000000000000e+01
2.005000000000000000e+03 1.600000000000000000e+01
2.002000000000000000e+03 4.000000000000000000e+01
2.001000000000000000e+03 1.700000000000000000e+01
2.008000000000000000e+03 3.000000000000000000e+01
2.005000000000000000e+03 1.500000000000000000e+01
2.006000000000000000e+03 1.000000000000000000e+01
2.010000000000000000e+03 3.500000000000000000e+01
2.003000000000000000e+03 8.000000000000000000e+00
2.005000000000000000e+03 1.100000000000000000e+01
2.003000000000000000e+03 3.300000000000000000e+01
1.997000000000000000e+03 1.300000000000000000e+01
2.005000000000000000e+03 1.500000000000000000e+01
2.005000000000000000e+03 1.300000000000000000e+01
2.001000000000000000e+03 1.000000000000000000e+01
2.000000000000000000e+03 1.200000000000000000e+01
2.010000000000000000e+03 1.600000000000000000e+01
1.996000000000000000e+03 1.800000000000000000e+01
2.009000000000000000e+03 1.800000000000000000e+01
2.006000000000000000e+03 2.900000000000000000e+01
1.998000000000000000e+03 1.300000000000000000e+01
2.005000000000000000e+03 1.700000000000000000e+01
2.004000000000000000e+03 1.000000000000000000e+01
2.002000000000000000e+03 1.200000000000000000e+01
1.999000000000000000e+03 9.000000000000000000e+00
2.007000000000000000e+03 1.800000000000000000e+01
2.000000000000000000e+03 7.000000000000000000e+00
2.009000000000000000e+03 1.600000000000000000e+01
2.001000000000000000e+03 1.800000000000000000e+01
1.999000000000000000e+03 6.000000000000000000e+00
2.005000000000000000e+03 1.600000000000000000e+01
2.005000000000000000e+03 1.100000000000000000e+01
2.002000000000000000e+03 2.400000000000000000e+01
2.007000000000000000e+03 4.800000000000000000e+01
2.006000000000000000e+03 1.000000000000000000e+01
2.000000000000000000e+03 1.200000000000000000e+01
2.000000000000000000e+03 1.800000000000000000e+01
2.009000000000000000e+03 2.900000000000000000e+01
2.002000000000000000e+03 1.600000000000000000e+01
2.008000000000000000e+03 1.200000000000000000e+01
2.008000000000000000e+03 1.200000000000000000e+01
2.005000000000000000e+03 2.000000000000000000e+01
2.007000000000000000e+03 1.300000000000000000e+01
2.005000000000000000e+03 1.000000000000000000e+01
2.009000000000000000e+03 1.300000000000000000e+01
2.007000000000000000e+03 1.200000000000000000e+01
2.008000000000000000e+03 1.100000000000000000e+01
2.001000000000000000e+03 1.200000000000000000e+01
2.009000000000000000e+03 1.000000000000000000e+01
2.007000000000000000e+03 1.800000000000000000e+01
2.006000000000000000e+03 1.800000000000000000e+01
2.005000000000000000e+03 1.500000000000000000e+01
2.005000000000000000e+03 3.000000000000000000e+01
2.007000000000000000e+03 1.600000000000000000e+01
2.005000000000000000e+03 2.200000000000000000e+01
2.006000000000000000e+03 1.500000000000000000e+01
2.009000000000000000e+03 4.200000000000000000e+01
2.005000000000000000e+03 2.200000000000000000e+01
2.005000000000000000e+03 1.200000000000000000e+01
2.008000000000000000e+03 1.800000000000000000e+01
1.996000000000000000e+03 8.000000000000000000e+00
2.005000000000000000e+03 3.000000000000000000e+00
2.005000000000000000e+03 1.600000000000000000e+01
2.006000000000000000e+03 1.200000000000000000e+01
2.007000000000000000e+03 3.800000000000000000e+01
2.002000000000000000e+03 8.000000000000000000e+00
2.009000000000000000e+03 5.600000000000000000e+01
2.005000000000000000e+03 8.000000000000000000e+00
2.004000000000000000e+03 1.500000000000000000e+01
2.006000000000000000e+03 1.700000000000000000e+01
2.004000000000000000e+03 1.800000000000000000e+01
2.004000000000000000e+03 1.500000000000000000e+01
2.000000000000000000e+03 8.000000000000000000e+00
2.006000000000000000e+03 1.500000000000000000e+01
2.006000000000000000e+03 1.800000000000000000e+01
2.002000000000000000e+03 9.000000000000000000e+00
1.996000000000000000e+03 9.000000000000000000e+00
2.009000000000000000e+03 2.500000000000000000e+01
2.004000000000000000e+03 1.500000000000000000e+01
2.008000000000000000e+03 1.200000000000000000e+01
2.006000000000000000e+03 1.200000000000000000e+01
2.000000000000000000e+03 1.200000000000000000e+01
2.000000000000000000e+03 1.200000000000000000e+01
2.001000000000000000e+03 1.200000000000000000e+01
2.000000000000000000e+03 8.000000000000000000e+00
1.997000000000000000e+03 1.200000000000000000e+01
2.007000000000000000e+03 1.600000000000000000e+01
2.000000000000000000e+03 1.200000000000000000e+01
1.997000000000000000e+03 1.100000000000000000e+01
2.006000000000000000e+03 1.600000000000000000e+01
2.000000000000000000e+03 1.700000000000000000e+01
2.005000000000000000e+03 1.600000000000000000e+01
2.005000000000000000e+03 2.800000000000000000e+01
2.004000000000000000e+03 1.000000000000000000e+01
2.006000000000000000e+03 1.300000000000000000e+01
1.998000000000000000e+03 1.300000000000000000e+01
2.009000000000000000e+03 1.800000000000000000e+01
2.005000000000000000e+03 1.500000000000000000e+01
2.001000000000000000e+03 1.400000000000000000e+01
2.001000000000000000e+03 1.400000000000000000e+01
2.004000000000000000e+03 8.000000000000000000e+00
2.004000000000000000e+03 8.000000000000000000e+00
2.007000000000000000e+03 9.000000000000000000e+00
2.004000000000000000e+03 2.000000000000000000e+01
2.004000000000000000e+03 1.300000000000000000e+01
2.009000000000000000e+03 2.100000000000000000e+01
1.996000000000000000e+03 1.000000000000000000e+01
2.005000000000000000e+03 1.300000000000000000e+01
2.007000000000000000e+03 1.400000000000000000e+01
2.007000000000000000e+03 2.000000000000000000e+01
2.005000000000000000e+03 1.700000000000000000e+01
2.006000000000000000e+03 2.400000000000000000e+01
2.003000000000000000e+03 1.600000000000000000e+01
2.008000000000000000e+03 1.400000000000000000e+01
2.008000000000000000e+03 1.400000000000000000e+01
2.008000000000000000e+03 2.000000000000000000e+01
2.008000000000000000e+03 1.100000000000000000e+01
2.008000000000000000e+03 1.200000000000000000e+01
2.003000000000000000e+03 1.200000000000000000e+01
2.006000000000000000e+03 1.000000000000000000e+01
2.003000000000000000e+03 2.800000000000000000e+01
2.000000000000000000e+03 8.000000000000000000e+00
2.000000000000000000e+03 3.000000000000000000e+01
2.006000000000000000e+03 1.900000000000000000e+01
2.004000000000000000e+03 1.000000000000000000e+01
2.001000000000000000e+03 1.200000000000000000e+01
2.003000000000000000e+03 8.000000000000000000e+00
2.005000000000000000e+03 1.500000000000000000e+01
2.006000000000000000e+03 4.000000000000000000e+01
2.001000000000000000e+03 1.200000000000000000e+01
2.007000000000000000e+03 4.600000000000000000e+01
2.007000000000000000e+03 1.600000000000000000e+01
2.001000000000000000e+03 8.000000000000000000e+00
2.007000000000000000e+03 1.500000000000000000e+01
1.998000000000000000e+03 7.000000000000000000e+00
1.999000000000000000e+03 6.000000000000000000e+00
1.998000000000000000e+03 1.400000000000000000e+01
2.001000000000000000e+03 8.000000000000000000e+00
2.008000000000000000e+03 1.400000000000000000e+01
2.000000000000000000e+03 9.000000000000000000e+00
2.009000000000000000e+03 2.100000000000000000e+01
2.003000000000000000e+03 1.100000000000000000e+01
2.004000000000000000e+03 1.100000000000000000e+01
2.006000000000000000e+03 1.100000000000000000e+01
2.007000000000000000e+03 1.300000000000000000e+01
1.998000000000000000e+03 5.000000000000000000e+00
2.004000000000000000e+03 2.400000000000000000e+01
2.008000000000000000e+03 1.700000000000000000e+01
2.009000000000000000e+03 2.200000000000000000e+01
2.004000000000000000e+03 1.000000000000000000e+01
2.006000000000000000e+03 1.300000000000000000e+01
2.005000000000000000e+03 1.600000000000000000e+01
2.006000000000000000e+03 1.200000000000000000e+01
2.009000000000000000e+03 1.100000000000000000e+01
2.007000000000000000e+03 1.200000000000000000e+01
2.006000000000000000e+03 1.400000000000000000e+01
2.011000000000000000e+03 1.400000000000000000e+01
2.007000000000000000e+03 2.100000000000000000e+01
2.007000000000000000e+03 1.200000000000000000e+01
2.006000000000000000e+03 6.000000000000000000e+00
2.004000000000000000e+03 9.000000000000000000e+00
2.004000000000000000e+03 6.000000000000000000e+00
2.005000000000000000e+03 1.100000000000000000e+01
2.009000000000000000e+03 1.000000000000000000e+00
2.002000000000000000e+03 1.200000000000000000e+01
2.006000000000000000e+03 1.700000000000000000e+01
2.009000000000000000e+03 1.200000000000000000e+01
2.007000000000000000e+03 1.200000000000000000e+01
2.006000000000000000e+03 1.000000000000000000e+01
2.009000000000000000e+03 1.500000000000000000e+01
2.003000000000000000e+03 8.000000000000000000e+00
2.015000000000000000e+03 2.000000000000000000e+01
2.007000000000000000e+03 3.200000000000000000e+01
2.008000000000000000e+03 8.000000000000000000e+00
1.997000000000000000e+03 1.200000000000000000e+01
2.008000000000000000e+03 2.000000000000000000e+01
2.008000000000000000e+03 1.700000000000000000e+01
2.007000000000000000e+03 1.200000000000000000e+01
2.004000000000000000e+03 1.600000000000000000e+01
1.999000000000000000e+03 8.000000000000000000e+00
2.003000000000000000e+03 1.500000000000000000e+01
2.003000000000000000e+03 3.000000000000000000e+01
2.005000000000000000e+03 1.500000000000000000e+01
1.996000000000000000e+03 9.000000000000000000e+00
2.009000000000000000e+03 1.700000000000000000e+01
2.008000000000000000e+03 1.700000000000000000e+01
2.008000000000000000e+03 1.800000000000000000e+01
2.004000000000000000e+03 2.100000000000000000e+01
1.996000000000000000e+03 8.000000000000000000e+00
2.006000000000000000e+03 2.300000000000000000e+01
2.007000000000000000e+03 9.000000000000000000e+00
2.007000000000000000e+03 1.900000000000000000e+01
2.009000000000000000e+03 1.600000000000000000e+01
2.006000000000000000e+03 2.400000000000000000e+01
2.010000000000000000e+03 1.800000000000000000e+01
2.010000000000000000e+03 1.000000000000000000e+01
2.006000000000000000e+03 2.000000000000000000e+01
2.005000000000000000e+03 1.200000000000000000e+01
2.000000000000000000e+03 8.000000000000000000e+00
2.002000000000000000e+03 1.200000000000000000e+01
2.009000000000000000e+03 1.500000000000000000e+01
2.003000000000000000e+03 1.100000000000000000e+01
2.010000000000000000e+03 1.320000000000000000e+02
2.011000000000000000e+03 5.800000000000000000e+01
2.006000000000000000e+03 1.200000000000000000e+01
2.000000000000000000e+03 8.000000000000000000e+00
2.010000000000000000e+03 8.000000000000000000e+01
2.006000000000000000e+03 1.200000000000000000e+01
1.999000000000000000e+03 6.000000000000000000e+00
2.001000000000000000e+03 7.000000000000000000e+00
2.003000000000000000e+03 2.500000000000000000e+01
2.001000000000000000e+03 8.000000000000000000e+00
2.005000000000000000e+03 1.600000000000000000e+01
1.999000000000000000e+03 1.000000000000000000e+01
2.004000000000000000e+03 1.700000000000000000e+01
2.007000000000000000e+03 3.600000000000000000e+01
2.008000000000000000e+03 1.700000000000000000e+01
2.001000000000000000e+03 9.000000000000000000e+00
2.008000000000000000e+03 1.200000000000000000e+01
2.006000000000000000e+03 1.300000000000000000e+01
2.010000000000000000e+03 2.000000000000000000e+01
2.004000000000000000e+03 2.400000000000000000e+01
2.010000000000000000e+03 5.600000000000000000e+01
2.003000000000000000e+03 1.000000000000000000e+01
2.004000000000000000e+03 1.600000000000000000e+01
2.005000000000000000e+03 1.900000000000000000e+01
2.006000000000000000e+03 1.600000000000000000e+01
2.010000000000000000e+03 1.600000000000000000e+01
2.006000000000000000e+03 1.600000000000000000e+01
2.002000000000000000e+03 1.000000000000000000e+01
2.006000000000000000e+03 1.300000000000000000e+01
2.006000000000000000e+03 8.000000000000000000e+00
2.003000000000000000e+03 6.000000000000000000e+00
2.008000000000000000e+03 2.000000000000000000e+01
2.009000000000000000e+03 1.500000000000000000e+01
2.005000000000000000e+03 2.200000000000000000e+01
2.004000000000000000e+03 1.200000000000000000e+01
2.011000000000000000e+03 2.600000000000000000e+01
2.008000000000000000e+03 2.000000000000000000e+01
2.008000000000000000e+03 3.200000000000000000e+01
2.010000000000000000e+03 1.800000000000000000e+01
2.005000000000000000e+03 1.200000000000000000e+01
1.999000000000000000e+03 8.000000000000000000e+00
1.998000000000000000e+03 8.000000000000000000e+00
1.994000000000000000e+03 6.000000000000000000e+00
2.009000000000000000e+03 1.000000000000000000e+01
2.005000000000000000e+03 9.000000000000000000e+00
2.005000000000000000e+03 1.800000000000000000e+01
2.009000000000000000e+03 1.900000000000000000e+01
1.996000000000000000e+03 1.400000000000000000e+01
1.995000000000000000e+03 1.000000000000000000e+01
2.008000000000000000e+03 1.000000000000000000e+01
2.008000000000000000e+03 2.000000000000000000e+01
2.005000000000000000e+03 8.000000000000000000e+00
2.009000000000000000e+03 1.000000000000000000e+01
2.003000000000000000e+03 1.100000000000000000e+01
2.000000000000000000e+03 1.700000000000000000e+01
2.000000000000000000e+03 8.000000000000000000e+00
1.991000000000000000e+03 6.000000000000000000e+00
2.000000000000000000e+03 6.000000000000000000e+00
2.004000000000000000e+03 6.700000000000000000e+01
2.010000000000000000e+03 1.200000000000000000e+01
2.008000000000000000e+03 1.600000000000000000e+01
2.002000000000000000e+03 6.000000000000000000e+00
2.001000000000000000e+03 1.000000000000000000e+01
2.005000000000000000e+03 3.000000000000000000e+01
2.007000000000000000e+03 2.600000000000000000e+01
2.006000000000000000e+03 1.900000000000000000e+01
2.007000000000000000e+03 1.300000000000000000e+01
2.007000000000000000e+03 1.200000000000000000e+01
1.997000000000000000e+03 5.000000000000000000e+00
2.004000000000000000e+03 1.100000000000000000e+01
1.997000000000000000e+03 1.200000000000000000e+01
2.005000000000000000e+03 1.600000000000000000e+01
2.002000000000000000e+03 9.000000000000000000e+00
1.998000000000000000e+03 1.300000000000000000e+01
2.005000000000000000e+03 1.800000000000000000e+01
1.997000000000000000e+03 7.000000000000000000e+00
2.004000000000000000e+03 1.000000000000000000e+01
2.006000000000000000e+03 2.800000000000000000e+01
2.005000000000000000e+03 1.900000000000000000e+01
2.007000000000000000e+03 2.500000000000000000e+01
2.001000000000000000e+03 8.000000000000000000e+00
2.009000000000000000e+03 5.000000000000000000e+01
2.001000000000000000e+03 1.000000000000000000e+01
2.002000000000000000e+03 1.200000000000000000e+01
2.006000000000000000e+03 1.000000000000000000e+01
2.006000000000000000e+03 1.100000000000000000e+01
2.003000000000000000e+03 1.500000000000000000e+01
2.003000000000000000e+03 6.000000000000000000e+00
2.000000000000000000e+03 2.800000000000000000e+01
2.010000000000000000e+03 1.200000000000000000e+01
2.011000000000000000e+03 4.400000000000000000e+01
2.002000000000000000e+03 1.600000000000000000e+01
2.006000000000000000e+03 1.300000000000000000e+01
2.005000000000000000e+03 1.900000000000000000e+01
2.008000000000000000e+03 1.800000000000000000e+01
2.007000000000000000e+03 3.200000000000000000e+01
1.994000000000000000e+03 1.000000000000000000e+01
2.006000000000000000e+03 9.000000000000000000e+00
1.999000000000000000e+03 1.000000000000000000e+01
2.008000000000000000e+03 2.800000000000000000e+01
2.006000000000000000e+03 1.300000000000000000e+01
2.000000000000000000e+03 6.000000000000000000e+00
2.009000000000000000e+03 2.600000000000000000e+01
2.003000000000000000e+03 1.400000000000000000e+01
2.002000000000000000e+03 9.000000000000000000e+00
2.006000000000000000e+03 1.600000000000000000e+01
2.005000000000000000e+03 1.800000000000000000e+01
2.006000000000000000e+03 9.000000000000000000e+00
2.006000000000000000e+03 1.600000000000000000e+01
2.007000000000000000e+03 3.000000000000000000e+01
2.004000000000000000e+03 1.200000000000000000e+01
2.007000000000000000e+03 3.600000000000000000e+01
2.003000000000000000e+03 1.200000000000000000e+01
2.004000000000000000e+03 1.300000000000000000e+01
2.002000000000000000e+03 1.200000000000000000e+01
2.002000000000000000e+03 1.200000000000000000e+01
2.008000000000000000e+03 3.400000000000000000e+01
2.008000000000000000e+03 1.700000000000000000e+01
2.007000000000000000e+03 1.600000000000000000e+01
2.007000000000000000e+03 1.600000000000000000e+01
2.005000000000000000e+03 1.000000000000000000e+01
2.005000000000000000e+03 9.000000000000000000e+00
2.010000000000000000e+03 1.900000000000000000e+01
2.004000000000000000e+03 1.000000000000000000e+01
2.004000000000000000e+03 1.900000000000000000e+01
2.007000000000000000e+03 1.800000000000000000e+01
2.004000000000000000e+03 6.000000000000000000e+00
2.004000000000000000e+03 1.500000000000000000e+01
2.005000000000000000e+03 1.400000000000000000e+01
2.004000000000000000e+03 9.000000000000000000e+00
2.008000000000000000e+03 1.300000000000000000e+01
2.010000000000000000e+03 3.300000000000000000e+01
2.008000000000000000e+03 1.300000000000000000e+01
2.010000000000000000e+03 1.600000000000000000e+01
2.007000000000000000e+03 1.500000000000000000e+01
2.004000000000000000e+03 1.400000000000000000e+01
2.005000000000000000e+03 1.200000000000000000e+01
2.004000000000000000e+03 1.100000000000000000e+01
2.005000000000000000e+03 8.000000000000000000e+00
2.006000000000000000e+03 1.700000000000000000e+01
2.009000000000000000e+03 1.500000000000000000e+01
2.007000000000000000e+03 2.800000000000000000e+01
2.007000000000000000e+03 1.200000000000000000e+01
2.004000000000000000e+03 1.000000000000000000e+01
1.999000000000000000e+03 1.600000000000000000e+01
2.004000000000000000e+03 1.500000000000000000e+01
2.007000000000000000e+03 2.300000000000000000e+01
2.010000000000000000e+03 3.300000000000000000e+01
2.008000000000000000e+03 1.400000000000000000e+01
2.007000000000000000e+03 2.000000000000000000e+01
2.002000000000000000e+03 1.200000000000000000e+01
2.004000000000000000e+03 1.200000000000000000e+01
2.002000000000000000e+03 1.700000000000000000e+01
2.002000000000000000e+03 1.700000000000000000e+01
2.004000000000000000e+03 1.700000000000000000e+01
2.005000000000000000e+03 1.000000000000000000e+01
2.002000000000000000e+03 1.000000000000000000e+01
2.011000000000000000e+03 1.800000000000000000e+01
2.005000000000000000e+03 9.000000000000000000e+00
2.000000000000000000e+03 9.000000000000000000e+00
2.003000000000000000e+03 1.200000000000000000e+01
2.005000000000000000e+03 2.000000000000000000e+01
2.006000000000000000e+03 1.000000000000000000e+01
2.004000000000000000e+03 1.000000000000000000e+01
2.010000000000000000e+03 2.000000000000000000e+01
2.006000000000000000e+03 1.700000000000000000e+01
2.000000000000000000e+03 1.800000000000000000e+01
2.007000000000000000e+03 1.400000000000000000e+01
2.009000000000000000e+03 4.400000000000000000e+01
2.007000000000000000e+03 1.200000000000000000e+01
2.006000000000000000e+03 2.200000000000000000e+01
2.009000000000000000e+03 1.500000000000000000e+01
1.999000000000000000e+03 6.000000000000000000e+00
2.001000000000000000e+03 1.000000000000000000e+01
2.005000000000000000e+03 1.200000000000000000e+01
2.009000000000000000e+03 2.000000000000000000e+01
2.004000000000000000e+03 1.200000000000000000e+01
2.007000000000000000e+03 1.400000000000000000e+01
2.006000000000000000e+03 1.200000000000000000e+01
2.006000000000000000e+03 1.600000000000000000e+01
1.997000000000000000e+03 6.000000000000000000e+00
2.002000000000000000e+03 1.700000000000000000e+01
2.000000000000000000e+03 1.100000000000000000e+01
2.007000000000000000e+03 2.800000000000000000e+01
2.009000000000000000e+03 1.200000000000000000e+01
2.004000000000000000e+03 1.600000000000000000e+01
2.007000000000000000e+03 5.300000000000000000e+01
2.008000000000000000e+03 2.900000000000000000e+01
2.001000000000000000e+03 1.100000000000000000e+01
2.008000000000000000e+03 1.600000000000000000e+01
2.006000000000000000e+03 3.800000000000000000e+01
2.004000000000000000e+03 1.500000000000000000e+01
2.009000000000000000e+03 1.800000000000000000e+01
2.009000000000000000e+03 3.000000000000000000e+01
2.006000000000000000e+03 1.200000000000000000e+01
2.000000000000000000e+03 8.000000000000000000e+00
2.006000000000000000e+03 1.600000000000000000e+01
2.009000000000000000e+03 1.500000000000000000e+01
1.999000000000000000e+03 1.700000000000000000e+01
2.007000000000000000e+03 9.000000000000000000e+00
2.002000000000000000e+03 1.200000000000000000e+01
2.002000000000000000e+03 1.200000000000000000e+01
1.998000000000000000e+03 7.000000000000000000e+00
2.010000000000000000e+03 2.500000000000000000e+01
2.006000000000000000e+03 1.500000000000000000e+01
2.005000000000000000e+03 1.000000000000000000e+01
2.010000000000000000e+03 1.600000000000000000e+01
2.000000000000000000e+03 1.200000000000000000e+01
2.004000000000000000e+03 5.000000000000000000e+00
2.009000000000000000e+03 2.500000000000000000e+01
2.008000000000000000e+03 1.400000000000000000e+01
2.008000000000000000e+03 1.400000000000000000e+01
2.009000000000000000e+03 2.000000000000000000e+01
2.006000000000000000e+03 1.300000000000000000e+01
2.006000000000000000e+03 1.200000000000000000e+01
2.006000000000000000e+03 1.500000000000000000e+01
2.011000000000000000e+03 1.600000000000000000e+01
2.008000000000000000e+03 3.500000000000000000e+01
2.003000000000000000e+03 1.000000000000000000e+01
2.009000000000000000e+03 3.200000000000000000e+01
2.001000000000000000e+03 6.000000000000000000e+00
2.009000000000000000e+03 1.200000000000000000e+01
2.006000000000000000e+03 1.400000000000000000e+01
2.007000000000000000e+03 1.900000000000000000e+01
2.006000000000000000e+03 1.000000000000000000e+01
2.007000000000000000e+03 1.600000000000000000e+01
2.007000000000000000e+03 1.800000000000000000e+01
2.005000000000000000e+03 2.400000000000000000e+01
2.008000000000000000e+03 1.200000000000000000e+01
2.010000000000000000e+03 1.200000000000000000e+01
2.005000000000000000e+03 1.400000000000000000e+01
1.992000000000000000e+03 1.200000000000000000e+01
2.006000000000000000e+03 1.400000000000000000e+01
2.009000000000000000e+03 1.800000000000000000e+01
2.006000000000000000e+03 1.600000000000000000e+01
2.009000000000000000e+03 2.600000000000000000e+01
2.006000000000000000e+03 1.600000000000000000e+01
2.004000000000000000e+03 1.500000000000000000e+01
2.002000000000000000e+03 1.800000000000000000e+01
2.003000000000000000e+03 8.000000000000000000e+00
2.002000000000000000e+03 1.000000000000000000e+01
2.007000000000000000e+03 1.400000000000000000e+01
2.002000000000000000e+03 2.000000000000000000e+01
2.009000000000000000e+03 1.200000000000000000e+01
2.007000000000000000e+03 1.500000000000000000e+01
2.001000000000000000e+03 9.000000000000000000e+01
2.002000000000000000e+03 1.200000000000000000e+01
2.006000000000000000e+03 1.200000000000000000e+01
2.003000000000000000e+03 1.000000000000000000e+01
2.006000000000000000e+03 1.700000000000000000e+01
2.008000000000000000e+03 1.700000000000000000e+01
2.005000000000000000e+03 1.000000000000000000e+01
1.999000000000000000e+03 1.100000000000000000e+01
2.005000000000000000e+03 1.600000000000000000e+01
2.001000000000000000e+03 1.000000000000000000e+01
2.008000000000000000e+03 1.800000000000000000e+01
2.005000000000000000e+03 1.800000000000000000e+01
2.007000000000000000e+03 1.700000000000000000e+01
2.005000000000000000e+03 1.000000000000000000e+01
2.005000000000000000e+03 8.000000000000000000e+00
2.007000000000000000e+03 1.600000000000000000e+01
2.010000000000000000e+03 3.800000000000000000e+01
1.996000000000000000e+03 1.100000000000000000e+01
2.007000000000000000e+03 1.200000000000000000e+01
2.004000000000000000e+03 8.000000000000000000e+00
2.006000000000000000e+03 8.000000000000000000e+00
2.008000000000000000e+03 1.400000000000000000e+01
2.005000000000000000e+03 9.000000000000000000e+00
2.008000000000000000e+03 1.400000000000000000e+01
2.008000000000000000e+03 1.800000000000000000e+01
1.992000000000000000e+03 4.600000000000000000e+01
2.008000000000000000e+03 2.800000000000000000e+01
2.009000000000000000e+03 1.200000000000000000e+01
2.004000000000000000e+03 1.200000000000000000e+01
2.007000000000000000e+03 1.900000000000000000e+01
2.004000000000000000e+03 2.400000000000000000e+01
2.008000000000000000e+03 1.300000000000000000e+01
2.006000000000000000e+03 1.400000000000000000e+01
1.999000000000000000e+03 6.000000000000000000e+00
2.008000000000000000e+03 1.100000000000000000e+01
2.004000000000000000e+03 1.200000000000000000e+01
2.004000000000000000e+03 1.200000000000000000e+01
2.007000000000000000e+03 3.800000000000000000e+01
2.010000000000000000e+03 1.700000000000000000e+01
2.007000000000000000e+03 6.000000000000000000e+00
2.006000000000000000e+03 1.000000000000000000e+01
2.001000000000000000e+03 5.000000000000000000e+00
2.007000000000000000e+03 2.400000000000000000e+01
2.005000000000000000e+03 1.200000000000000000e+01
1.991000000000000000e+03 6.000000000000000000e+00
2.006000000000000000e+03 2.100000000000000000e+01
2.004000000000000000e+03 9.000000000000000000e+00
2.004000000000000000e+03 1.800000000000000000e+01
2.006000000000000000e+03 1.000000000000000000e+01
1.997000000000000000e+03 6.000000000000000000e+00
2.006000000000000000e+03 6.000000000000000000e+00
1.999000000000000000e+03 8.000000000000000000e+00
2.004000000000000000e+03 1.200000000000000000e+01
1.998000000000000000e+03 8.000000000000000000e+00
2.008000000000000000e+03 1.200000000000000000e+01
2.004000000000000000e+03 1.400000000000000000e+01
2.010000000000000000e+03 3.900000000000000000e+01
2.004000000000000000e+03 5.000000000000000000e+00
2.000000000000000000e+03 7.000000000000000000e+00
2.005000000000000000e+03 1.200000000000000000e+01
1.994000000000000000e+03 8.000000000000000000e+00
2.007000000000000000e+03 2.900000000000000000e+01
2.004000000000000000e+03 8.000000000000000000e+00
2.011000000000000000e+03 4.200000000000000000e+01
2.004000000000000000e+03 1.200000000000000000e+01
2.009000000000000000e+03 1.200000000000000000e+01
2.004000000000000000e+03 1.200000000000000000e+01
2.007000000000000000e+03 2.600000000000000000e+01
2.009000000000000000e+03 4.000000000000000000e+01
2.005000000000000000e+03 1.200000000000000000e+01
2.006000000000000000e+03 1.000000000000000000e+01
2.004000000000000000e+03 1.900000000000000000e+01
2.005000000000000000e+03 1.200000000000000000e+01
2.005000000000000000e+03 1.000000000000000000e+01
2.006000000000000000e+03 1.200000000000000000e+01
2.000000000000000000e+03 1.400000000000000000e+01
2.000000000000000000e+03 6.000000000000000000e+00
2.004000000000000000e+03 2.400000000000000000e+01
2.001000000000000000e+03 7.000000000000000000e+00
2.006000000000000000e+03 1.400000000000000000e+01
2.008000000000000000e+03 1.800000000000000000e+01
2.007000000000000000e+03 2.100000000000000000e+01
2.003000000000000000e+03 1.000000000000000000e+01
2.005000000000000000e+03 1.000000000000000000e+01
2.004000000000000000e+03 7.000000000000000000e+00
2.001000000000000000e+03 8.000000000000000000e+00
2.008000000000000000e+03 2.100000000000000000e+01
2.002000000000000000e+03 1.400000000000000000e+01
2.004000000000000000e+03 9.000000000000000000e+00
2.009000000000000000e+03 2.000000000000000000e+01
2.006000000000000000e+03 4.300000000000000000e+01
2.004000000000000000e+03 2.500000000000000000e+01
2.008000000000000000e+03 1.300000000000000000e+01
2.008000000000000000e+03 1.500000000000000000e+01
2.007000000000000000e+03 6.000000000000000000e+01
1.999000000000000000e+03 8.000000000000000000e+00
2.010000000000000000e+03 2.200000000000000000e+01
1.999000000000000000e+03 8.000000000000000000e+00
2.005000000000000000e+03 1.100000000000000000e+01
2.003000000000000000e+03 8.000000000000000000e+00
2.000000000000000000e+03 6.000000000000000000e+00
1.997000000000000000e+03 3.400000000000000000e+01
2.001000000000000000e+03 4.400000000000000000e+01
2.001000000000000000e+03 1.100000000000000000e+01
2.007000000000000000e+03 1.500000000000000000e+01
2.005000000000000000e+03 1.700000000000000000e+01
1.999000000000000000e+03 1.100000000000000000e+01
2.004000000000000000e+03 1.100000000000000000e+01
2.010000000000000000e+03 1.800000000000000000e+01
2.006000000000000000e+03 1.200000000000000000e+01
2.005000000000000000e+03 1.700000000000000000e+01
2.003000000000000000e+03 6.000000000000000000e+00
2.005000000000000000e+03 1.200000000000000000e+01
2.003000000000000000e+03 1.100000000000000000e+01
2.007000000000000000e+03 1.300000000000000000e+01
2.007000000000000000e+03 1.400000000000000000e+01
2.007000000000000000e+03 1.500000000000000000e+01
2.009000000000000000e+03 1.000000000000000000e+01
