2.079744100000000000e+07 2.011000000000000000e+03 9.000000000000000000e+00
1.950106200000000000e+07 2.009000000000000000e+03 1.600000000000000000e+01
1.969971900000000000e+07 2.009000000000000000e+03 9.000000000000000000e+00
1.809613900000000000e+07 2.008000000000000000e+03 1.600000000000000000e+01
1.978164800000000000e+07 2.010000000000000000e+03 1.400000000000000000e+01
1.681000300000000000e+07 2.006000000000000000e+03 1.800000000000000000e+01
1.788110900000000000e+07 2.008000000000000000e+03 1.000000000000000000e+01
1.765583100000000000e+07 2.007000000000000000e+03 1.400000000000000000e+01
2.071144800000000000e+07 2.010000000000000000e+03 3.300000000000000000e+01
1.827533200000000000e+07 2.008000000000000000e+03 1.500000000000000000e+01
1.467938600000000000e+07 2.004000000000000000e+03 1.000000000000000000e+01
1.585769800000000000e+07 2.005000000000000000e+03 1.200000000000000000e+01
1.957686800000000000e+07 2.009000000000000000e+03 1.000000000000000000e+01
1.977757800000000000e+07 2.010000000000000000e+03 3.200000000000000000e+01
1.723495100000000000e+07 2.007000000000000000e+03 1.900000000000000000e+01
1.837060400000000000e+07 2.008000000000000000e+03 1.200000000000000000e+01
1.597884500000000000e+07 2.005000000000000000e+03 1.500000000000000000e+01
1.655198400000000000e+07 2.006000000000000000e+03 1.200000000000000000e+01
1.718276900000000000e+07 2.006000000000000000e+03 1.900000000000000000e+01
1.971576300000000000e+07 2.010000000000000000e+03 1.600000000000000000e+01
1.276318800000000000e+07 2.003000000000000000e+03 1.100000000000000000e+01
1.619768900000000000e+07 2.005000000000000000e+03 1.300000000000000000e+01
1.276319400000000000e+07 2.003000000000000000e+03 8.000000000000000000e+00
1.817810700000000000e+07 2.008000000000000000e+03 1.600000000000000000e+01
1.878636500000000000e+07 2.008000000000000000e+03 1.200000000000000000e+01
1.838495800000000000e+07 2.008000000000000000e+03 1.100000000000000000e+01
1.604614800000000000e+07 2.005000000000000000e+03 1.200000000000000000e+01
1.505057300000000000e+07 2.004000000000000000e+03 8.000000000000000000e+00
1.832967100000000000e+07 2.008000000000000000e+03 1.300000000000000000e+01
1.920007500000000000e+07 2.009000000000000000e+03 2.100000000000000000e+01
1.701099300000000000e+07 2.007000000000000000e+03 1.200000000000000000e+01
1.963221100000000000e+07 2.009000000000000000e+03 1.500000000000000000e+01
1.727496500000000000e+07 2.007000000000000000e+03 1.200000000000000000e+01
1.951753000000000000e+07 2.009000000000000000e+03 1.800000000000000000e+01
1.220207500000000000e+07 2.002000000000000000e+03 1.800000000000000000e+01
9.576541000000000000e+06 1.998000000000000000e+03 1.200000000000000000e+01
1.599702200000000000e+07 2.005000000000000000e+03 1.000000000000000000e+01
1.839113500000000000e+07 2.008000000000000000e+03 2.400000000000000000e+01
1.950107200000000000e+07 2.009000000000000000e+03 1.200000000000000000e+01
1.572874000000000000e+07 2.005000000000000000e+03 1.400000000000000000e+01
1.551165300000000000e+07 2.004000000000000000e+03 1.800000000000000000e+01
1.807779800000000000e+07 2.008000000000000000e+03 1.400000000000000000e+01
1.905879200000000000e+07 2.009000000000000000e+03 1.800000000000000000e+01
2.014833200000000000e+07 2.010000000000000000e+03 2.000000000000000000e+01
1.591921500000000000e+07 2.005000000000000000e+03 1.600000000000000000e+01
1.650495000000000000e+07 2.006000000000000000e+03 1.000000000000000000e+01
1.667903100000000000e+07 2.006000000000000000e+03 8.000000000000000000e+00
1.277349600000000000e+07 2.003000000000000000e+03 1.100000000000000000e+01
1.285337000000000000e+07 2.003000000000000000e+03 1.000000000000000000e+01
1.570623600000000000e+07 2.005000000000000000e+03 1.300000000000000000e+01
1.280217600000000000e+07 2.003000000000000000e+03 1.700000000000000000e+01
1.603392400000000000e+07 2.006000000000000000e+03 3.100000000000000000e+01
1.456847000000000000e+07 2.003000000000000000e+03 2.300000000000000000e+01
1.518423600000000000e+07 2.004000000000000000e+03 3.300000000000000000e+01
1.841370600000000000e+07 2.008000000000000000e+03 2.000000000000000000e+01
1.730779000000000000e+07 2.007000000000000000e+03 9.000000000000000000e+00
1.287592000000000000e+07 2.003000000000000000e+03 1.000000000000000000e+01
1.573698100000000000e+07 2.005000000000000000e+03 2.300000000000000000e+01
1.686133400000000000e+07 2.006000000000000000e+03 1.600000000000000000e+01
1.516968800000000000e+07 2.004000000000000000e+03 1.500000000000000000e+01
1.833180100000000000e+07 2.008000000000000000e+03 1.200000000000000000e+01
1.901583500000000000e+07 2.009000000000000000e+03 1.000000000000000000e+01
1.552809200000000000e+07 2.004000000000000000e+03 1.400000000000000000e+01
1.742658900000000000e+07 2.007000000000000000e+03 1.600000000000000000e+01
1.451228700000000000e+07 2.004000000000000000e+03 1.100000000000000000e+01
1.898512100000000000e+07 2.007000000000000000e+03 1.400000000000000000e+01
1.206288400000000000e+07 2.002000000000000000e+03 3.000000000000000000e+01
1.518403700000000000e+07 2.004000000000000000e+03 2.600000000000000000e+01
1.474167300000000000e+07 2.004000000000000000e+03 9.000000000000000000e+00
1.898513000000000000e+07 2.007000000000000000e+03 1.400000000000000000e+01
1.474167800000000000e+07 2.004000000000000000e+03 9.000000000000000000e+00
1.615070300000000000e+07 2.005000000000000000e+03 1.000000000000000000e+01
1.898513600000000000e+07 2.007000000000000000e+03 1.400000000000000000e+01
1.880491600000000000e+07 2.008000000000000000e+03 9.000000000000000000e+00
1.952376600000000000e+07 2.009000000000000000e+03 1.100000000000000000e+01
1.898514300000000000e+07 2.007000000000000000e+03 1.600000000000000000e+01
1.533765600000000000e+07 2.004000000000000000e+03 9.000000000000000000e+00
1.919320400000000000e+07 2.009000000000000000e+03 1.200000000000000000e+01
1.510213900000000000e+07 2.004000000000000000e+03 2.600000000000000000e+01
1.658489200000000000e+07 2.006000000000000000e+03 2.000000000000000000e+01
1.249985600000000000e+07 2.002000000000000000e+03 1.200000000000000000e+01
1.598278700000000000e+07 2.006000000000000000e+03 3.000000000000000000e+01
9.831457000000000000e+06 1.998000000000000000e+03 1.400000000000000000e+01
1.985402800000000000e+07 2.010000000000000000e+03 5.500000000000000000e+01
1.963642600000000000e+07 2.009000000000000000e+03 2.200000000000000000e+01
1.532538700000000000e+07 2.004000000000000000e+03 8.000000000000000000e+00
1.690849300000000000e+07 2.007000000000000000e+03 2.300000000000000000e+01
1.262817700000000000e+07 2.003000000000000000e+03 1.600000000000000000e+01
1.516535100000000000e+07 2.004000000000000000e+03 1.400000000000000000e+01
1.670780100000000000e+07 2.006000000000000000e+03 1.300000000000000000e+01
1.629001600000000000e+07 2.005000000000000000e+03 1.600000000000000000e+01
1.687984200000000000e+07 2.006000000000000000e+03 1.200000000000000000e+01
1.673151500000000000e+07 2.006000000000000000e+03 1.300000000000000000e+01
1.687984400000000000e+07 2.006000000000000000e+03 1.400000000000000000e+01
1.103485700000000000e+07 2.000000000000000000e+03 2.000000000000000000e+01
1.830525800000000000e+07 2.008000000000000000e+03 1.200000000000000000e+01
1.281457800000000000e+07 2.003000000000000000e+03 1.600000000000000000e+01
1.797759200000000000e+07 2.008000000000000000e+03 1.600000000000000000e+01
1.983717900000000000e+07 2.010000000000000000e+03 3.000000000000000000e+01
1.837060200000000000e+07 2.008000000000000000e+03 1.200000000000000000e+01
1.730380900000000000e+07 2.007000000000000000e+03 2.800000000000000000e+01
1.507353800000000000e+07 2.004000000000000000e+03 1.200000000000000000e+01
1.837060300000000000e+07 2.008000000000000000e+03 1.200000000000000000e+01
1.803904600000000000e+07 2.007000000000000000e+03 2.400000000000000000e+01
1.864935200000000000e+07 2.009000000000000000e+03 1.800000000000000000e+01
1.624909800000000000e+07 2.006000000000000000e+03 1.000000000000000000e+01
1.629825200000000000e+07 2.006000000000000000e+03 1.200000000000000000e+01
1.675700600000000000e+07 2.006000000000000000e+03 2.400000000000000000e+01
9.918735000000000000e+06 1.999000000000000000e+03 6.000000000000000000e+00
1.616718500000000000e+07 2.005000000000000000e+03 8.000000000000000000e+00
1.630315000000000000e+07 2.006000000000000000e+03 1.100000000000000000e+01
1.855492800000000000e+07 2.008000000000000000e+03 2.900000000000000000e+01
1.516368200000000000e+07 2.004000000000000000e+03 1.700000000000000000e+01
1.650454000000000000e+07 2.006000000000000000e+03 1.000000000000000000e+01
2.116842700000000000e+07 2.011000000000000000e+03 1.200000000000000000e+01
1.747383800000000000e+07 2.008000000000000000e+03 1.300000000000000000e+01
1.259345700000000000e+07 2.002000000000000000e+03 8.000000000000000000e+00
1.608735100000000000e+07 2.006000000000000000e+03 1.500000000000000000e+01
1.237229100000000000e+07 2.002000000000000000e+03 1.400000000000000000e+01
1.551392900000000000e+07 2.005000000000000000e+03 5.800000000000000000e+01
1.748820400000000000e+07 2.007000000000000000e+03 1.000000000000000000e+01
1.651751700000000000e+07 2.006000000000000000e+03 7.000000000000000000e+00
1.189716800000000000e+07 2.002000000000000000e+03 1.600000000000000000e+01
1.748820900000000000e+07 2.007000000000000000e+03 2.000000000000000000e+01
1.878664400000000000e+07 2.008000000000000000e+03 1.800000000000000000e+01
1.870410000000000000e+07 2.009000000000000000e+03 1.900000000000000000e+01
1.591745500000000000e+07 2.005000000000000000e+03 2.000000000000000000e+01
1.614034600000000000e+07 2.006000000000000000e+03 1.600000000000000000e+01
1.292528300000000000e+07 2.003000000000000000e+03 9.000000000000000000e+00
1.848560400000000000e+07 2.008000000000000000e+03 8.000000000000000000e+00
1.608125500000000000e+07 2.005000000000000000e+03 1.300000000000000000e+01
1.203236400000000000e+07 2.002000000000000000e+03 1.600000000000000000e+01
1.261198600000000000e+07 2.003000000000000000e+03 7.000000000000000000e+00
1.996632600000000000e+07 2.010000000000000000e+03 2.500000000000000000e+01
1.900789300000000000e+07 2.009000000000000000e+03 1.800000000000000000e+01
1.558909900000000000e+07 2.004000000000000000e+03 1.500000000000000000e+01
1.113331600000000000e+07 2.001000000000000000e+03 9.000000000000000000e+00
1.721792700000000000e+07 2.007000000000000000e+03 1.400000000000000000e+01
1.849588000000000000e+07 2.008000000000000000e+03 1.500000000000000000e+01
1.743297100000000000e+07 2.007000000000000000e+03 1.200000000000000000e+01
1.721793200000000000e+07 2.007000000000000000e+03 4.200000000000000000e+01
1.172314900000000000e+07 2.001000000000000000e+03 1.200000000000000000e+01
1.880923400000000000e+07 2.009000000000000000e+03 1.000000000000000000e+01
2.042715700000000000e+07 2.010000000000000000e+03 1.200000000000000000e+01
1.948098500000000000e+07 2.009000000000000000e+03 1.000000000000000000e+01
1.588264900000000000e+07 2.005000000000000000e+03 1.600000000000000000e+01
1.223721000000000000e+07 2.002000000000000000e+03 1.400000000000000000e+01
1.745175900000000000e+07 2.007000000000000000e+03 1.900000000000000000e+01
1.702748600000000000e+07 2.006000000000000000e+03 2.400000000000000000e+01
1.715856000000000000e+07 2.007000000000000000e+03 8.000000000000000000e+00
1.502864100000000000e+07 2.004000000000000000e+03 2.000000000000000000e+01
1.755108900000000000e+07 2.008000000000000000e+03 2.000000000000000000e+01
1.686160800000000000e+07 2.006000000000000000e+03 9.000000000000000000e+00
1.821124200000000000e+07 2.008000000000000000e+03 4.800000000000000000e+01
1.758660300000000000e+07 2.008000000000000000e+03 1.300000000000000000e+01
1.885432300000000000e+07 2.008000000000000000e+03 2.400000000000000000e+01
1.648069500000000000e+07 2.006000000000000000e+03 1.200000000000000000e+01
1.681452500000000000e+07 2.006000000000000000e+03 1.300000000000000000e+01
9.559951000000000000e+06 1.998000000000000000e+03 6.000000000000000000e+00
1.792455200000000000e+07 2.008000000000000000e+03 1.400000000000000000e+01
1.586222000000000000e+07 2.005000000000000000e+03 2.600000000000000000e+01
1.980368500000000000e+07 2.010000000000000000e+03 2.000000000000000000e+01
1.978209400000000000e+07 2.010000000000000000e+03 1.900000000000000000e+01
1.798049300000000000e+07 2.007000000000000000e+03 4.200000000000000000e+01
1.658546400000000000e+07 2.006000000000000000e+03 2.900000000000000000e+01
2.065045000000000000e+07 2.010000000000000000e+03 3.900000000000000000e+01
1.642133200000000000e+07 2.006000000000000000e+03 2.400000000000000000e+01
1.746991300000000000e+07 2.007000000000000000e+03 1.100000000000000000e+01
1.628475100000000000e+07 2.005000000000000000e+03 7.000000000000000000e+00
1.869257300000000000e+07 2.008000000000000000e+03 1.200000000000000000e+01
1.580899200000000000e+07 2.005000000000000000e+03 1.000000000000000000e+01
1.159011400000000000e+07 2.001000000000000000e+03 1.100000000000000000e+01
1.590730000000000000e+07 2.005000000000000000e+03 3.000000000000000000e+01
1.578442400000000000e+07 2.005000000000000000e+03 1.800000000000000000e+01
1.590730500000000000e+07 2.005000000000000000e+03 1.100000000000000000e+01
1.648074900000000000e+07 2.006000000000000000e+03 1.700000000000000000e+01
1.958347100000000000e+07 2.010000000000000000e+03 1.500000000000000000e+01
1.590731300000000000e+07 2.005000000000000000e+03 2.200000000000000000e+01
1.578443600000000000e+07 2.005000000000000000e+03 1.400000000000000000e+01
1.633944500000000000e+07 2.005000000000000000e+03 1.600000000000000000e+01
1.531135000000000000e+07 2.004000000000000000e+03 1.000000000000000000e+01
1.063261700000000000e+07 2.000000000000000000e+03 1.100000000000000000e+01
1.578444000000000000e+07 2.005000000000000000e+03 1.200000000000000000e+01
1.569433100000000000e+07 2.005000000000000000e+03 1.600000000000000000e+01
1.900799700000000000e+07 2.009000000000000000e+03 4.400000000000000000e+01
1.821124300000000000e+07 2.008000000000000000e+03 1.900000000000000000e+01
1.729178400000000000e+07 2.007000000000000000e+03 1.600000000000000000e+01
1.232539200000000000e+07 2.002000000000000000e+03 1.800000000000000000e+01
1.834242400000000000e+07 2.008000000000000000e+03 1.500000000000000000e+01
1.636405800000000000e+07 2.005000000000000000e+03 2.000000000000000000e+01
1.608553300000000000e+07 2.005000000000000000e+03 2.200000000000000000e+01
1.068905600000000000e+07 2.000000000000000000e+03 6.000000000000000000e+00
1.618179300000000000e+07 2.006000000000000000e+03 2.100000000000000000e+01
1.019754000000000000e+07 1.999000000000000000e+03 3.000000000000000000e+00
1.644599100000000000e+07 2.006000000000000000e+03 1.800000000000000000e+01
1.135261600000000000e+07 2.001000000000000000e+03 1.300000000000000000e+01
1.607940700000000000e+07 2.005000000000000000e+03 1.800000000000000000e+01
1.897938000000000000e+07 2.008000000000000000e+03 1.600000000000000000e+01
1.897938600000000000e+07 2.008000000000000000e+03 1.800000000000000000e+01
1.922309900000000000e+07 2.009000000000000000e+03 1.600000000000000000e+01
1.196089300000000000e+07 2.002000000000000000e+03 1.100000000000000000e+01
1.636819200000000000e+07 2.006000000000000000e+03 9.000000000000000000e+00
1.253146700000000000e+07 2.003000000000000000e+03 1.200000000000000000e+01
1.239098100000000000e+07 2.002000000000000000e+03 1.200000000000000000e+01
1.111303600000000000e+07 2.001000000000000000e+03 1.000000000000000000e+01
1.853498900000000000e+07 2.009000000000000000e+03 1.500000000000000000e+01
1.660391700000000000e+07 2.006000000000000000e+03 1.700000000000000000e+01
1.256628600000000000e+07 2.003000000000000000e+03 2.000000000000000000e+01
1.950165600000000000e+07 2.009000000000000000e+03 1.200000000000000000e+01
1.239509800000000000e+07 2.002000000000000000e+03 1.300000000000000000e+01
1.863382900000000000e+07 2.009000000000000000e+03 1.200000000000000000e+01
1.743113700000000000e+07 2.007000000000000000e+03 1.800000000000000000e+01
1.092873900000000000e+07 2.000000000000000000e+03 7.000000000000000000e+00
1.863379400000000000e+07 2.006000000000000000e+03 1.200000000000000000e+01
1.762160700000000000e+07 2.008000000000000000e+03 1.500000000000000000e+01
1.500668200000000000e+07 2.004000000000000000e+03 2.000000000000000000e+01
1.525715600000000000e+07 2.004000000000000000e+03 1.000000000000000000e+01
1.214731400000000000e+07 2.002000000000000000e+03 7.000000000000000000e+00
1.826193300000000000e+07 2.008000000000000000e+03 2.100000000000000000e+01
1.759295200000000000e+07 2.007000000000000000e+03 6.400000000000000000e+01
1.730623700000000000e+07 2.007000000000000000e+03 2.000000000000000000e+01
1.160460900000000000e+07 2.001000000000000000e+03 5.000000000000000000e+00
1.170306300000000000e+07 2.001000000000000000e+03 1.200000000000000000e+01
1.647272000000000000e+07 2.006000000000000000e+03 4.300000000000000000e+01
1.199989000000000000e+07 2.002000000000000000e+03 1.000000000000000000e+01
1.767605700000000000e+07 2.007000000000000000e+03 1.800000000000000000e+01
1.251394600000000000e+07 2.003000000000000000e+03 2.800000000000000000e+01
1.728052200000000000e+07 2.007000000000000000e+03 1.200000000000000000e+01
1.765246100000000000e+07 2.008000000000000000e+03 1.600000000000000000e+01
1.249552700000000000e+07 2.002000000000000000e+03 1.500000000000000000e+01
1.730832800000000000e+07 2.007000000000000000e+03 1.500000000000000000e+01
1.214532700000000000e+07 2.002000000000000000e+03 2.400000000000000000e+01
1.901511200000000000e+07 2.008000000000000000e+03 2.000000000000000000e+01
1.593617800000000000e+07 2.005000000000000000e+03 1.200000000000000000e+01
2.039877100000000000e+07 2.010000000000000000e+03 1.800000000000000000e+01
1.768926800000000000e+07 2.007000000000000000e+03 1.600000000000000000e+01
1.462546200000000000e+07 2.003000000000000000e+03 8.000000000000000000e+00
1.721014300000000000e+07 2.007000000000000000e+03 4.800000000000000000e+01
1.784902000000000000e+07 2.007000000000000000e+03 1.400000000000000000e+01
1.587860200000000000e+07 2.005000000000000000e+03 1.000000000000000000e+01
1.501049600000000000e+07 2.004000000000000000e+03 1.000000000000000000e+01
1.104966800000000000e+07 2.000000000000000000e+03 1.000000000000000000e+01
1.187092200000000000e+07 2.002000000000000000e+03 4.000000000000000000e+01
1.881774000000000000e+07 2.008000000000000000e+03 3.000000000000000000e+01
2.007521500000000000e+07 2.010000000000000000e+03 3.500000000000000000e+01
1.252219400000000000e+07 2.003000000000000000e+03 8.000000000000000000e+00
1.662089000000000000e+07 2.006000000000000000e+03 2.800000000000000000e+01
1.033288900000000000e+07 1.999000000000000000e+03 6.000000000000000000e+00
1.572117900000000000e+07 2.005000000000000000e+03 1.100000000000000000e+01
1.265532700000000000e+07 2.003000000000000000e+03 3.300000000000000000e+01
9.204934000000000000e+06 1.997000000000000000e+03 1.300000000000000000e+01
1.572118600000000000e+07 2.005000000000000000e+03 1.500000000000000000e+01
1.936956100000000000e+07 2.009000000000000000e+03 1.500000000000000000e+01
1.871065200000000000e+07 2.008000000000000000e+03 2.300000000000000000e+01
1.170916300000000000e+07 2.001000000000000000e+03 1.000000000000000000e+01
1.278172700000000000e+07 2.003000000000000000e+03 7.000000000000000000e+00
1.074660500000000000e+07 2.000000000000000000e+03 1.200000000000000000e+01
2.022679900000000000e+07 2.010000000000000000e+03 1.600000000000000000e+01
1.142245600000000000e+07 2.001000000000000000e+03 1.200000000000000000e+01
1.750745500000000000e+07 2.008000000000000000e+03 1.200000000000000000e+01
1.519487900000000000e+07 2.004000000000000000e+03 1.000000000000000000e+01
9.802496000000000000e+06 1.998000000000000000e+03 1.300000000000000000e+01
1.592806800000000000e+07 2.005000000000000000e+03 1.700000000000000000e+01
1.520922100000000000e+07 2.004000000000000000e+03 1.000000000000000000e+01
1.237274200000000000e+07 2.002000000000000000e+03 1.200000000000000000e+01
1.623732400000000000e+07 2.005000000000000000e+03 1.200000000000000000e+01
1.061966100000000000e+07 1.999000000000000000e+03 9.000000000000000000e+00
1.697870200000000000e+07 2.007000000000000000e+03 1.800000000000000000e+01
1.064372700000000000e+07 2.000000000000000000e+03 1.200000000000000000e+01
1.919464600000000000e+07 2.009000000000000000e+03 1.600000000000000000e+01
1.133820100000000000e+07 2.001000000000000000e+03 1.800000000000000000e+01
1.605506800000000000e+07 2.005000000000000000e+03 1.100000000000000000e+01
1.561613300000000000e+07 2.005000000000000000e+03 2.000000000000000000e+01
1.628035300000000000e+07 2.006000000000000000e+03 1.300000000000000000e+01
1.696233900000000000e+07 2.006000000000000000e+03 1.000000000000000000e+01
1.581751000000000000e+07 2.005000000000000000e+03 1.200000000000000000e+01
1.986505200000000000e+07 2.009000000000000000e+03 2.900000000000000000e+01
1.250794700000000000e+07 2.003000000000000000e+03 7.000000000000000000e+00
1.832017900000000000e+07 2.008000000000000000e+03 1.200000000000000000e+01
1.573765700000000000e+07 2.005000000000000000e+03 2.000000000000000000e+01
1.715692300000000000e+07 2.007000000000000000e+03 1.300000000000000000e+01
9.704261000000000000e+06 1.998000000000000000e+03 7.000000000000000000e+00
1.925408600000000000e+07 2.009000000000000000e+03 1.300000000000000000e+01
1.739245500000000000e+07 2.007000000000000000e+03 1.200000000000000000e+01
1.795770500000000000e+07 2.008000000000000000e+03 1.100000000000000000e+01
1.091258900000000000e+07 2.000000000000000000e+03 5.000000000000000000e+00
1.171745700000000000e+07 2.001000000000000000e+03 1.200000000000000000e+01
1.958038700000000000e+07 2.010000000000000000e+03 1.600000000000000000e+01
1.897147600000000000e+07 2.008000000000000000e+03 1.200000000000000000e+01
1.769966900000000000e+07 2.007000000000000000e+03 1.800000000000000000e+01
1.617183300000000000e+07 2.006000000000000000e+03 1.800000000000000000e+01
1.610223200000000000e+07 2.005000000000000000e+03 1.500000000000000000e+01
1.932131600000000000e+07 2.009000000000000000e+03 1.700000000000000000e+01
1.771401200000000000e+07 2.007000000000000000e+03 1.600000000000000000e+01
1.697153400000000000e+07 2.006000000000000000e+03 1.700000000000000000e+01
1.580900000000000000e+07 2.005000000000000000e+03 2.200000000000000000e+01
1.880454000000000000e+07 2.009000000000000000e+03 2.500000000000000000e+01
1.944664000000000000e+07 2.009000000000000000e+03 4.200000000000000000e+01
1.649752100000000000e+07 2.006000000000000000e+03 2.400000000000000000e+01
1.603877100000000000e+07 2.005000000000000000e+03 1.200000000000000000e+01
1.858853200000000000e+07 2.008000000000000000e+03 1.800000000000000000e+01
1.710168800000000000e+07 2.007000000000000000e+03 1.500000000000000000e+01
1.589746500000000000e+07 2.005000000000000000e+03 3.000000000000000000e+00
1.651801000000000000e+07 2.005000000000000000e+03 1.600000000000000000e+01
1.703820500000000000e+07 2.007000000000000000e+03 3.800000000000000000e+01
1.239131200000000000e+07 2.002000000000000000e+03 8.000000000000000000e+00
1.464410500000000000e+07 2.004000000000000000e+03 1.000000000000000000e+01
1.562509900000000000e+07 2.005000000000000000e+03 8.000000000000000000e+00
1.521959600000000000e+07 2.004000000000000000e+03 1.500000000000000000e+01
2.050506900000000000e+07 2.010000000000000000e+03 3.600000000000000000e+01
1.521960000000000000e+07 2.004000000000000000e+03 1.800000000000000000e+01
1.687643600000000000e+07 2.006000000000000000e+03 1.500000000000000000e+01
1.288079400000000000e+07 2.003000000000000000e+03 6.000000000000000000e+00
1.827932400000000000e+07 2.008000000000000000e+03 1.200000000000000000e+01
1.898511500000000000e+07 2.007000000000000000e+03 1.400000000000000000e+01
1.707716000000000000e+07 2.007000000000000000e+03 2.000000000000000000e+01
1.111749900000000000e+07 2.000000000000000000e+03 1.700000000000000000e+01
1.252572500000000000e+07 2.003000000000000000e+03 1.600000000000000000e+01
9.223090000000000000e+06 1.997000000000000000e+03 1.100000000000000000e+01
1.619232900000000000e+07 2.006000000000000000e+03 1.600000000000000000e+01
1.585816400000000000e+07 2.006000000000000000e+03 1.200000000000000000e+01
1.288082600000000000e+07 2.003000000000000000e+03 9.000000000000000000e+00
1.500665100000000000e+07 2.004000000000000000e+03 1.200000000000000000e+01
1.579513400000000000e+07 2.005000000000000000e+03 1.600000000000000000e+01
1.816421300000000000e+07 2.008000000000000000e+03 1.200000000000000000e+01
1.697888100000000000e+07 2.006000000000000000e+03 1.500000000000000000e+01
1.662457800000000000e+07 2.006000000000000000e+03 1.300000000000000000e+01
9.712582000000000000e+06 1.998000000000000000e+03 1.300000000000000000e+01
1.758877600000000000e+07 2.007000000000000000e+03 1.400000000000000000e+01
1.266785000000000000e+07 2.003000000000000000e+03 8.000000000000000000e+00
1.856404500000000000e+07 2.009000000000000000e+03 3.200000000000000000e+01
1.851169300000000000e+07 2.008000000000000000e+03 1.700000000000000000e+01
1.800494400000000000e+07 2.008000000000000000e+03 2.500000000000000000e+01
1.475477100000000000e+07 2.004000000000000000e+03 8.000000000000000000e+00
1.498055200000000000e+07 2.004000000000000000e+03 1.000000000000000000e+01
1.500668300000000000e+07 2.004000000000000000e+03 1.300000000000000000e+01
1.093321200000000000e+07 2.000000000000000000e+03 6.000000000000000000e+00
8.981469000000000000e+06 1.996000000000000000e+03 1.000000000000000000e+01
1.602337600000000000e+07 2.005000000000000000e+03 1.300000000000000000e+01
1.712637000000000000e+07 2.007000000000000000e+03 1.400000000000000000e+01
1.780425900000000000e+07 2.007000000000000000e+03 2.000000000000000000e+01
1.640753300000000000e+07 2.006000000000000000e+03 2.400000000000000000e+01
1.270270500000000000e+07 2.003000000000000000e+03 1.600000000000000000e+01
1.876069200000000000e+07 2.008000000000000000e+03 1.400000000000000000e+01
1.876069300000000000e+07 2.008000000000000000e+03 2.000000000000000000e+01
1.248617600000000000e+07 2.002000000000000000e+03 1.700000000000000000e+01
1.789439200000000000e+07 2.008000000000000000e+03 1.100000000000000000e+01
1.653042800000000000e+07 2.006000000000000000e+03 1.200000000000000000e+01
1.653042900000000000e+07 2.006000000000000000e+03 1.000000000000000000e+01
1.456844600000000000e+07 2.003000000000000000e+03 2.800000000000000000e+01
1.117081600000000000e+07 2.001000000000000000e+03 1.200000000000000000e+01
1.100698000000000000e+07 2.000000000000000000e+03 3.000000000000000000e+01
1.636454900000000000e+07 2.006000000000000000e+03 1.900000000000000000e+01
1.518490300000000000e+07 2.004000000000000000e+03 1.000000000000000000e+01
1.147392800000000000e+07 2.001000000000000000e+03 1.200000000000000000e+01
1.456845700000000000e+07 2.003000000000000000e+03 8.000000000000000000e+00
1.715098600000000000e+07 2.007000000000000000e+03 1.300000000000000000e+01
1.605531000000000000e+07 2.005000000000000000e+03 1.500000000000000000e+01
1.640142300000000000e+07 2.006000000000000000e+03 4.000000000000000000e+01
1.710184400000000000e+07 2.007000000000000000e+03 4.600000000000000000e+01
1.771419700000000000e+07 2.007000000000000000e+03 1.600000000000000000e+01
1.155995800000000000e+07 2.001000000000000000e+03 8.000000000000000000e+00
1.749916000000000000e+07 2.007000000000000000e+03 1.500000000000000000e+01
1.746640100000000000e+07 2.007000000000000000e+03 1.900000000000000000e+01
1.824874000000000000e+07 2.008000000000000000e+03 1.400000000000000000e+01
1.912938300000000000e+07 2.009000000000000000e+03 2.100000000000000000e+01
1.884266900000000000e+07 2.009000000000000000e+03 1.300000000000000000e+01
1.170948600000000000e+07 2.001000000000000000e+03 1.700000000000000000e+01
1.756676800000000000e+07 2.007000000000000000e+03 1.300000000000000000e+01
9.626674000000000000e+06 1.998000000000000000e+03 5.000000000000000000e+00
1.532625900000000000e+07 2.004000000000000000e+03 2.400000000000000000e+01
1.640146500000000000e+07 2.006000000000000000e+03 2.000000000000000000e+01
1.893074900000000000e+07 2.009000000000000000e+03 2.200000000000000000e+01
1.553516700000000000e+07 2.004000000000000000e+03 1.000000000000000000e+01
1.715923200000000000e+07 2.007000000000000000e+03 1.600000000000000000e+01
1.612294500000000000e+07 2.005000000000000000e+03 1.600000000000000000e+01
1.803168800000000000e+07 2.007000000000000000e+03 1.200000000000000000e+01
1.863380100000000000e+07 2.006000000000000000e+03 1.400000000000000000e+01
2.150714900000000000e+07 2.011000000000000000e+03 1.400000000000000000e+01
1.720225400000000000e+07 2.007000000000000000e+03 2.100000000000000000e+01
1.863380700000000000e+07 2.007000000000000000e+03 1.200000000000000000e+01
1.705070400000000000e+07 2.006000000000000000e+03 6.000000000000000000e+00
1.920121000000000000e+07 2.009000000000000000e+03 1.000000000000000000e+00
1.235260900000000000e+07 2.002000000000000000e+03 1.200000000000000000e+01
1.683978000000000000e+07 2.006000000000000000e+03 1.700000000000000000e+01
1.803376500000000000e+07 2.008000000000000000e+03 2.000000000000000000e+01
1.718222500000000000e+07 2.007000000000000000e+03 1.200000000000000000e+01
1.942026600000000000e+07 2.009000000000000000e+03 1.500000000000000000e+01
1.718222600000000000e+07 2.007000000000000000e+03 2.300000000000000000e+01
1.544853000000000000e+07 2.004000000000000000e+03 6.000000000000000000e+00
1.863384300000000000e+07 2.008000000000000000e+03 8.000000000000000000e+00
1.638896900000000000e+07 2.006000000000000000e+03 1.500000000000000000e+01
1.863385400000000000e+07 2.008000000000000000e+03 1.700000000000000000e+01
1.742553500000000000e+07 2.007000000000000000e+03 1.200000000000000000e+01
1.452762100000000000e+07 2.003000000000000000e+03 2.400000000000000000e+01
1.294452400000000000e+07 2.003000000000000000e+03 1.500000000000000000e+01
2.006132500000000000e+07 2.010000000000000000e+03 3.400000000000000000e+01
1.272949100000000000e+07 2.003000000000000000e+03 3.000000000000000000e+01
1.608411600000000000e+07 2.005000000000000000e+03 1.500000000000000000e+01
1.928514300000000000e+07 2.009000000000000000e+03 1.700000000000000000e+01
1.788841100000000000e+07 2.008000000000000000e+03 1.700000000000000000e+01
1.848028400000000000e+07 2.008000000000000000e+03 1.800000000000000000e+01
8.660126000000000000e+06 1.996000000000000000e+03 8.000000000000000000e+00
1.660432000000000000e+07 2.006000000000000000e+03 2.300000000000000000e+01
1.729859500000000000e+07 2.007000000000000000e+03 9.000000000000000000e+00
1.729859700000000000e+07 2.007000000000000000e+03 1.900000000000000000e+01
1.973367200000000000e+07 2.010000000000000000e+03 1.800000000000000000e+01
1.792529500000000000e+07 2.008000000000000000e+03 1.400000000000000000e+01
1.190622400000000000e+07 2.002000000000000000e+03 1.600000000000000000e+01
1.699757600000000000e+07 2.006000000000000000e+03 1.200000000000000000e+01
1.955346600000000000e+07 2.009000000000000000e+03 1.500000000000000000e+01
1.248617500000000000e+07 2.002000000000000000e+03 1.700000000000000000e+01
1.996306900000000000e+07 2.010000000000000000e+03 1.320000000000000000e+02
1.992006200000000000e+07 2.011000000000000000e+03 5.800000000000000000e+01
1.513593700000000000e+07 2.004000000000000000e+03 1.600000000000000000e+01
1.127341300000000000e+07 2.000000000000000000e+03 8.000000000000000000e+00
2.022522200000000000e+07 2.010000000000000000e+03 8.000000000000000000e+01
1.796013600000000000e+07 2.007000000000000000e+03 1.500000000000000000e+01
1.981153200000000000e+07 2.009000000000000000e+03 2.000000000000000000e+01
1.245921300000000000e+07 2.003000000000000000e+03 2.500000000000000000e+01
1.763655900000000000e+07 2.008000000000000000e+03 1.200000000000000000e+01
1.040917000000000000e+07 1.999000000000000000e+03 1.000000000000000000e+01
1.851515000000000000e+07 2.008000000000000000e+03 1.400000000000000000e+01
1.570325600000000000e+07 2.005000000000000000e+03 2.500000000000000000e+01
1.570325700000000000e+07 2.005000000000000000e+03 9.000000000000000000e+00
1.152533800000000000e+07 2.001000000000000000e+03 9.000000000000000000e+00
1.848649100000000000e+07 2.008000000000000000e+03 2.000000000000000000e+01
1.518339700000000000e+07 2.004000000000000000e+03 1.900000000000000000e+01
1.570122600000000000e+07 2.004000000000000000e+03 2.400000000000000000e+01
1.901827900000000000e+07 2.008000000000000000e+03 1.500000000000000000e+01
1.289342100000000000e+07 2.003000000000000000e+03 1.000000000000000000e+01
1.643441700000000000e+07 2.006000000000000000e+03 6.000000000000000000e+00
1.689112500000000000e+07 2.006000000000000000e+03 1.600000000000000000e+01
2.047103300000000000e+07 2.010000000000000000e+03 1.600000000000000000e+01
1.527590300000000000e+07 2.004000000000000000e+03 1.600000000000000000e+01
1.185919700000000000e+07 2.002000000000000000e+03 1.000000000000000000e+01
1.760174900000000000e+07 2.007000000000000000e+03 3.600000000000000000e+01
1.676620800000000000e+07 2.006000000000000000e+03 1.300000000000000000e+01
1.634227300000000000e+07 2.006000000000000000e+03 8.000000000000000000e+00
1.275417800000000000e+07 2.003000000000000000e+03 6.000000000000000000e+00
1.879373100000000000e+07 2.008000000000000000e+03 2.000000000000000000e+01
1.961498100000000000e+07 2.009000000000000000e+03 1.500000000000000000e+01
1.550260300000000000e+07 2.004000000000000000e+03 1.200000000000000000e+01
2.067380400000000000e+07 2.011000000000000000e+03 2.600000000000000000e+01
1.959450900000000000e+07 2.008000000000000000e+03 2.000000000000000000e+01
1.821620600000000000e+07 2.008000000000000000e+03 3.200000000000000000e+01
2.088884700000000000e+07 2.010000000000000000e+03 1.800000000000000000e+01
1.023310600000000000e+07 1.999000000000000000e+03 8.000000000000000000e+00
1.602308600000000000e+07 2.005000000000000000e+03 9.000000000000000000e+00
1.848648900000000000e+07 2.008000000000000000e+03 1.700000000000000000e+01
1.902852700000000000e+07 2.009000000000000000e+03 1.200000000000000000e+01
1.899650800000000000e+07 2.009000000000000000e+03 1.900000000000000000e+01
8.815903000000000000e+06 1.996000000000000000e+03 1.400000000000000000e+01
1.956381900000000000e+07 2.009000000000000000e+03 1.200000000000000000e+01
1.105847600000000000e+07 2.000000000000000000e+03 1.700000000000000000e+01
1.107486800000000000e+07 2.000000000000000000e+03 6.000000000000000000e+00
1.547397400000000000e+07 2.004000000000000000e+03 6.700000000000000000e+01
1.964780000000000000e+07 2.010000000000000000e+03 1.200000000000000000e+01
1.550597200000000000e+07 2.004000000000000000e+03 1.200000000000000000e+01
1.238149900000000000e+07 2.002000000000000000e+03 6.000000000000000000e+00
1.143122900000000000e+07 2.001000000000000000e+03 1.000000000000000000e+01
1.589394200000000000e+07 2.005000000000000000e+03 3.000000000000000000e+01
1.765100800000000000e+07 2.007000000000000000e+03 2.600000000000000000e+01
1.662496100000000000e+07 2.006000000000000000e+03 1.900000000000000000e+01
1.766944400000000000e+07 2.007000000000000000e+03 1.200000000000000000e+01
1.468755700000000000e+07 2.003000000000000000e+03 1.100000000000000000e+01
1.536339900000000000e+07 2.004000000000000000e+03 1.100000000000000000e+01
1.529172100000000000e+07 2.004000000000000000e+03 9.000000000000000000e+00
9.858384000000000000e+06 1.998000000000000000e+03 1.300000000000000000e+01
1.506440700000000000e+07 2.004000000000000000e+03 1.000000000000000000e+01
1.693423400000000000e+07 2.006000000000000000e+03 2.400000000000000000e+01
1.570338700000000000e+07 2.005000000000000000e+03 1.900000000000000000e+01
1.938489000000000000e+07 2.009000000000000000e+03 2.400000000000000000e+01
1.129609500000000000e+07 2.001000000000000000e+03 1.000000000000000000e+01
1.851529700000000000e+07 2.009000000000000000e+03 1.700000000000000000e+01
1.676835600000000000e+07 2.006000000000000000e+03 2.000000000000000000e+01
1.607818300000000000e+07 2.006000000000000000e+03 1.100000000000000000e+01
1.286077700000000000e+07 2.003000000000000000e+03 1.500000000000000000e+01
1.084760100000000000e+07 2.000000000000000000e+03 2.800000000000000000e+01
1.982398800000000000e+07 2.010000000000000000e+03 1.200000000000000000e+01
1.144562700000000000e+07 2.001000000000000000e+03 9.000000000000000000e+00
1.612940400000000000e+07 2.005000000000000000e+03 1.900000000000000000e+01
1.768998300000000000e+07 2.007000000000000000e+03 3.200000000000000000e+01
1.602700800000000000e+07 2.005000000000000000e+03 1.000000000000000000e+01
1.613574400000000000e+07 2.005000000000000000e+03 1.100000000000000000e+01
2.194967500000000000e+07 2.009000000000000000e+03 1.800000000000000000e+01
1.849947800000000000e+07 2.008000000000000000e+03 2.800000000000000000e+01
1.697935000000000000e+07 2.006000000000000000e+03 1.300000000000000000e+01
1.928540100000000000e+07 2.009000000000000000e+03 2.600000000000000000e+01
1.567068800000000000e+07 2.005000000000000000e+03 1.800000000000000000e+01
1.706947300000000000e+07 2.006000000000000000e+03 9.000000000000000000e+00
1.654313800000000000e+07 2.006000000000000000e+03 1.600000000000000000e+01
1.735005400000000000e+07 2.007000000000000000e+03 3.000000000000000000e+01
1.548842400000000000e+07 2.004000000000000000e+03 1.200000000000000000e+01
1.788458500000000000e+07 2.007000000000000000e+03 3.600000000000000000e+01
1.901508200000000000e+07 2.008000000000000000e+03 1.500000000000000000e+01
1.451153200000000000e+07 2.003000000000000000e+03 1.200000000000000000e+01
1.901509000000000000e+07 2.008000000000000000e+03 1.200000000000000000e+01
1.837816600000000000e+07 2.008000000000000000e+03 3.400000000000000000e+01
1.906848900000000000e+07 2.009000000000000000e+03 1.800000000000000000e+01
1.901510200000000000e+07 2.008000000000000000e+03 1.400000000000000000e+01
1.737670300000000000e+07 2.007000000000000000e+03 1.600000000000000000e+01
1.613561800000000000e+07 2.005000000000000000e+03 1.000000000000000000e+01
1.172832300000000000e+07 2.001000000000000000e+03 1.300000000000000000e+01
1.987936700000000000e+07 2.010000000000000000e+03 1.900000000000000000e+01
1.582023200000000000e+07 2.005000000000000000e+03 1.100000000000000000e+01
1.117741700000000000e+07 2.000000000000000000e+03 2.400000000000000000e+01
1.066951900000000000e+07 2.000000000000000000e+03 8.000000000000000000e+00
1.498056000000000000e+07 2.004000000000000000e+03 6.000000000000000000e+00
1.570124100000000000e+07 2.005000000000000000e+03 1.400000000000000000e+01
1.473685600000000000e+07 2.004000000000000000e+03 9.000000000000000000e+00
1.958038000000000000e+07 2.010000000000000000e+03 3.300000000000000000e+01
1.835977700000000000e+07 2.008000000000000000e+03 1.300000000000000000e+01
1.870258700000000000e+07 2.009000000000000000e+03 2.100000000000000000e+01
1.582071100000000000e+07 2.005000000000000000e+03 1.000000000000000000e+01
1.795848300000000000e+07 2.007000000000000000e+03 1.200000000000000000e+01
9.950716000000000000e+06 1.999000000000000000e+03 3.000000000000000000e+01
1.252710300000000000e+07 2.003000000000000000e+03 1.200000000000000000e+01
1.668326500000000000e+07 2.006000000000000000e+03 2.900000000000000000e+01
1.553767300000000000e+07 2.005000000000000000e+03 5.800000000000000000e+01
1.858305000000000000e+07 2.008000000000000000e+03 1.800000000000000000e+01
1.720482300000000000e+07 2.007000000000000000e+03 1.200000000000000000e+01
1.634049200000000000e+07 2.005000000000000000e+03 8.000000000000000000e+00
1.595342300000000000e+07 2.005000000000000000e+03 1.100000000000000000e+01
1.519361700000000000e+07 2.004000000000000000e+03 1.500000000000000000e+01
1.947803400000000000e+07 2.010000000000000000e+03 1.500000000000000000e+01
1.995726800000000000e+07 2.010000000000000000e+03 3.300000000000000000e+01
1.840079100000000000e+07 2.009000000000000000e+03 1.600000000000000000e+01
1.462223900000000000e+07 2.003000000000000000e+03 1.100000000000000000e+01
1.691395200000000000e+07 2.006000000000000000e+03 1.200000000000000000e+01
1.816528100000000000e+07 2.008000000000000000e+03 4.400000000000000000e+01
1.980368400000000000e+07 2.010000000000000000e+03 2.000000000000000000e+01
1.595549300000000000e+07 2.005000000000000000e+03 1.000000000000000000e+01
2.160183100000000000e+07 2.011000000000000000e+03 1.800000000000000000e+01
1.920567800000000000e+07 2.009000000000000000e+03 1.000000000000000000e+01
1.114475300000000000e+07 2.000000000000000000e+03 9.000000000000000000e+00
1.262545900000000000e+07 2.003000000000000000e+03 1.200000000000000000e+01
1.974807500000000000e+07 2.010000000000000000e+03 5.600000000000000000e+01
1.711059200000000000e+07 2.007000000000000000e+03 1.600000000000000000e+01
1.769837200000000000e+07 2.007000000000000000e+03 3.200000000000000000e+01
1.938663600000000000e+07 2.010000000000000000e+03 2.000000000000000000e+01
1.627501800000000000e+07 2.006000000000000000e+03 1.700000000000000000e+01
1.965627300000000000e+07 2.009000000000000000e+03 4.400000000000000000e+01
1.720482000000000000e+07 2.007000000000000000e+03 3.200000000000000000e+01
1.663138300000000000e+07 2.006000000000000000e+03 2.200000000000000000e+01
1.795848900000000000e+07 2.007000000000000000e+03 2.000000000000000000e+01
9.185551000000000000e+06 1.997000000000000000e+03 1.000000000000000000e+01
1.573436500000000000e+07 2.005000000000000000e+03 1.200000000000000000e+01
1.921187200000000000e+07 2.009000000000000000e+03 2.000000000000000000e+01
1.680137700000000000e+07 2.007000000000000000e+03 1.300000000000000000e+01
1.830870600000000000e+07 2.008000000000000000e+03 9.000000000000000000e+00
1.613577900000000000e+07 2.006000000000000000e+03 1.400000000000000000e+01
1.837059300000000000e+07 2.008000000000000000e+03 1.200000000000000000e+01
1.766359000000000000e+07 2.007000000000000000e+03 1.400000000000000000e+01
1.593525900000000000e+07 2.005000000000000000e+03 1.800000000000000000e+01
9.295122000000000000e+06 1.997000000000000000e+03 6.000000000000000000e+00
1.798923400000000000e+07 2.007000000000000000e+03 2.800000000000000000e+01
1.175103200000000000e+07 2.002000000000000000e+03 1.000000000000000000e+01
1.524696900000000000e+07 2.004000000000000000e+03 1.600000000000000000e+01
1.736050600000000000e+07 2.007000000000000000e+03 5.300000000000000000e+01
1.579513500000000000e+07 2.005000000000000000e+03 2.800000000000000000e+01
1.833740400000000000e+07 2.008000000000000000e+03 2.900000000000000000e+01
1.113663800000000000e+07 2.001000000000000000e+03 1.100000000000000000e+01
1.685941300000000000e+07 2.006000000000000000e+03 1.500000000000000000e+01
1.705946100000000000e+07 2.006000000000000000e+03 3.800000000000000000e+01
1.910746500000000000e+07 2.009000000000000000e+03 1.800000000000000000e+01
1.943309900000000000e+07 2.009000000000000000e+03 3.000000000000000000e+01
1.063489400000000000e+07 2.000000000000000000e+03 8.000000000000000000e+00
1.695707300000000000e+07 2.006000000000000000e+03 1.600000000000000000e+01
1.466741900000000000e+07 2.004000000000000000e+03 8.000000000000000000e+00
1.838756800000000000e+07 2.008000000000000000e+03 1.200000000000000000e+01
1.220368500000000000e+07 2.002000000000000000e+03 1.200000000000000000e+01
1.856403900000000000e+07 2.009000000000000000e+03 1.800000000000000000e+01
1.633649800000000000e+07 2.005000000000000000e+03 1.600000000000000000e+01
1.568939300000000000e+07 2.005000000000000000e+03 1.000000000000000000e+01
1.459474000000000000e+07 2.003000000000000000e+03 8.000000000000000000e+00
1.501970800000000000e+07 2.004000000000000000e+03 5.000000000000000000e+00
1.848697500000000000e+07 2.008000000000000000e+03 1.400000000000000000e+01
1.759814500000000000e+07 2.008000000000000000e+03 1.400000000000000000e+01
1.628128300000000000e+07 2.006000000000000000e+03 1.300000000000000000e+01
1.628128500000000000e+07 2.006000000000000000e+03 1.200000000000000000e+01
1.628128900000000000e+07 2.006000000000000000e+03 1.500000000000000000e+01
2.046535400000000000e+07 2.011000000000000000e+03 1.600000000000000000e+01
1.659819200000000000e+07 2.006000000000000000e+03 2.000000000000000000e+01
1.849518000000000000e+07 2.008000000000000000e+03 3.500000000000000000e+01
1.878386400000000000e+07 2.009000000000000000e+03 1.200000000000000000e+01
1.753895100000000000e+07 2.007000000000000000e+03 2.600000000000000000e+01
1.596990600000000000e+07 2.005000000000000000e+03 1.600000000000000000e+01
1.942907900000000000e+07 2.009000000000000000e+03 1.200000000000000000e+01
1.657416800000000000e+07 2.006000000000000000e+03 1.400000000000000000e+01
1.706774000000000000e+07 2.007000000000000000e+03 1.100000000000000000e+01
1.682812500000000000e+07 2.007000000000000000e+03 1.600000000000000000e+01
1.758588700000000000e+07 2.007000000000000000e+03 1.800000000000000000e+01
1.572220800000000000e+07 2.005000000000000000e+03 2.400000000000000000e+01
1.802416100000000000e+07 2.008000000000000000e+03 1.200000000000000000e+01
1.932054800000000000e+07 2.010000000000000000e+03 1.200000000000000000e+01
1.572221300000000000e+07 2.005000000000000000e+03 1.400000000000000000e+01
1.712919500000000000e+07 2.006000000000000000e+03 1.400000000000000000e+01
1.951511600000000000e+07 2.009000000000000000e+03 1.800000000000000000e+01
1.538225300000000000e+07 2.004000000000000000e+03 1.000000000000000000e+01
1.952126400000000000e+07 2.009000000000000000e+03 2.600000000000000000e+01
1.640625700000000000e+07 2.006000000000000000e+03 1.600000000000000000e+01
1.179826600000000000e+07 2.002000000000000000e+03 1.800000000000000000e+01
1.259084300000000000e+07 2.003000000000000000e+03 8.000000000000000000e+00
1.280998000000000000e+07 2.003000000000000000e+03 8.000000000000000000e+00
1.917265000000000000e+07 2.009000000000000000e+03 1.000000000000000000e+01
1.803033500000000000e+07 2.007000000000000000e+03 1.400000000000000000e+01
1.179827400000000000e+07 2.002000000000000000e+03 2.000000000000000000e+01
1.760435600000000000e+07 2.007000000000000000e+03 1.500000000000000000e+01
1.168154100000000000e+07 2.001000000000000000e+03 9.000000000000000000e+01
1.673805500000000000e+07 2.006000000000000000e+03 1.200000000000000000e+01
1.257447500000000000e+07 2.003000000000000000e+03 1.000000000000000000e+01
1.651073400000000000e+07 2.006000000000000000e+03 2.100000000000000000e+01
1.843380700000000000e+07 2.008000000000000000e+03 1.700000000000000000e+01
1.059406800000000000e+07 1.999000000000000000e+03 1.100000000000000000e+01
1.877173700000000000e+07 2.008000000000000000e+03 1.800000000000000000e+01
1.245775500000000000e+07 2.003000000000000000e+03 2.000000000000000000e+01
1.245775700000000000e+07 2.003000000000000000e+03 1.400000000000000000e+01
1.593526300000000000e+07 2.005000000000000000e+03 1.000000000000000000e+01
1.739549000000000000e+07 2.007000000000000000e+03 1.600000000000000000e+01
1.832990500000000000e+07 2.008000000000000000e+03 2.100000000000000000e+01
1.659473200000000000e+07 2.006000000000000000e+03 8.000000000000000000e+00
1.860586900000000000e+07 2.008000000000000000e+03 1.400000000000000000e+01
1.731767800000000000e+07 2.007000000000000000e+03 6.700000000000000000e+01
1.596105300000000000e+07 2.005000000000000000e+03 9.000000000000000000e+00
1.872875300000000000e+07 2.008000000000000000e+03 1.800000000000000000e+01
1.942917200000000000e+07 2.009000000000000000e+03 1.200000000000000000e+01
1.505054900000000000e+07 2.004000000000000000e+03 1.200000000000000000e+01
1.623429700000000000e+07 2.005000000000000000e+03 1.800000000000000000e+01
1.190073200000000000e+07 2.002000000000000000e+03 6.000000000000000000e+00
1.699001500000000000e+07 2.006000000000000000e+03 1.200000000000000000e+01
1.624659200000000000e+07 2.006000000000000000e+03 1.400000000000000000e+01
1.045894500000000000e+07 1.999000000000000000e+03 6.000000000000000000e+00
1.827616300000000000e+07 2.008000000000000000e+03 1.100000000000000000e+01
1.098528700000000000e+07 2.000000000000000000e+03 6.000000000000000000e+00
1.713338400000000000e+07 2.007000000000000000e+03 3.800000000000000000e+01
1.983314300000000000e+07 2.010000000000000000e+03 1.700000000000000000e+01
1.686100500000000000e+07 2.006000000000000000e+03 1.000000000000000000e+01
1.218747000000000000e+07 2.001000000000000000e+03 5.000000000000000000e+00
1.713339100000000000e+07 2.007000000000000000e+03 2.400000000000000000e+01
1.575304000000000000e+07 2.005000000000000000e+03 1.200000000000000000e+01
1.562757600000000000e+07 2.005000000000000000e+03 1.700000000000000000e+01
1.536187900000000000e+07 2.004000000000000000e+03 1.800000000000000000e+01
1.649237700000000000e+07 2.006000000000000000e+03 1.000000000000000000e+01
1.704616000000000000e+07 2.006000000000000000e+03 1.600000000000000000e+01
1.822683300000000000e+07 2.008000000000000000e+03 1.200000000000000000e+01
1.151575400000000000e+07 2.001000000000000000e+03 4.000000000000000000e+00
1.531833300000000000e+07 2.004000000000000000e+03 1.400000000000000000e+01
1.560152500000000000e+07 2.004000000000000000e+03 5.000000000000000000e+00
1.580018500000000000e+07 2.005000000000000000e+03 1.200000000000000000e+01
1.758399600000000000e+07 2.007000000000000000e+03 2.900000000000000000e+01
2.038566300000000000e+07 2.011000000000000000e+03 4.200000000000000000e+01
1.531931100000000000e+07 2.005000000000000000e+03 9.000000000000000000e+00
1.511001800000000000e+07 2.004000000000000000e+03 1.200000000000000000e+01
1.511002200000000000e+07 2.004000000000000000e+03 1.200000000000000000e+01
1.972007100000000000e+07 2.010000000000000000e+03 2.000000000000000000e+01
1.967911200000000000e+07 2.009000000000000000e+03 4.000000000000000000e+01
1.548891100000000000e+07 2.005000000000000000e+03 1.200000000000000000e+01
1.646785800000000000e+07 2.006000000000000000e+03 1.000000000000000000e+01
1.576949400000000000e+07 2.005000000000000000e+03 1.200000000000000000e+01
1.562758800000000000e+07 2.005000000000000000e+03 1.700000000000000000e+01
1.094441000000000000e+07 2.000000000000000000e+03 1.400000000000000000e+01
1.546435100000000000e+07 2.004000000000000000e+03 2.400000000000000000e+01
1.180457600000000000e+07 2.002000000000000000e+03 1.600000000000000000e+01
1.673821000000000000e+07 2.006000000000000000e+03 1.400000000000000000e+01
1.737514000000000000e+07 2.007000000000000000e+03 2.100000000000000000e+01
9.193383000000000000e+06 1.997000000000000000e+03 3.400000000000000000e+01
1.531280900000000000e+07 2.004000000000000000e+03 7.000000000000000000e+00
1.465950100000000000e+07 2.003000000000000000e+03 1.200000000000000000e+01
1.212203300000000000e+07 2.002000000000000000e+03 1.400000000000000000e+01
1.100587900000000000e+07 2.000000000000000000e+03 1.800000000000000000e+01
1.928184900000000000e+07 2.009000000000000000e+03 2.000000000000000000e+01
1.768646700000000000e+07 2.008000000000000000e+03 1.300000000000000000e+01
1.845651700000000000e+07 2.008000000000000000e+03 1.500000000000000000e+01
1.753697200000000000e+07 2.007000000000000000e+03 6.000000000000000000e+01
1.980615800000000000e+07 2.010000000000000000e+03 2.200000000000000000e+01
1.049390300000000000e+07 1.999000000000000000e+03 8.000000000000000000e+00
1.593339300000000000e+07 2.005000000000000000e+03 1.100000000000000000e+01
1.151381400000000000e+07 2.001000000000000000e+03 4.400000000000000000e+01
1.156706300000000000e+07 2.001000000000000000e+03 1.100000000000000000e+01
1.513058800000000000e+07 2.004000000000000000e+03 8.000000000000000000e+00
1.589449300000000000e+07 2.005000000000000000e+03 1.700000000000000000e+01
1.060041500000000000e+07 1.999000000000000000e+03 1.100000000000000000e+01
1.732175700000000000e+07 2.007000000000000000e+03 1.700000000000000000e+01
1.940067900000000000e+07 2.010000000000000000e+03 1.800000000000000000e+01
1.259927900000000000e+07 2.003000000000000000e+03 6.000000000000000000e+00
1.259928100000000000e+07 2.003000000000000000e+03 1.800000000000000000e+01
1.296792300000000000e+07 2.003000000000000000e+03 1.100000000000000000e+01
1.805721100000000000e+07 2.007000000000000000e+03 1.400000000000000000e+01
1.765170900000000000e+07 2.007000000000000000e+03 1.500000000000000000e+01
1.872691000000000000e+07 2.009000000000000000e+03 1.000000000000000000e+01
