2.564096200000000000e+07 2.015000000000000000e+03 3.700000000000000000e+01
2.284135000000000000e+07 2.013000000000000000e+03 8.000000000000000000e+00
2.530713700000000000e+07 2.014000000000000000e+03 1.900000000000000000e+01
2.595055100000000000e+07 2.015000000000000000e+03 5.300000000000000000e+01
2.033665500000000000e+07 2.011000000000000000e+03 9.600000000000000000e+01
2.252187500000000000e+07 2.012000000000000000e+03 1.400000000000000000e+01
2.264475900000000000e+07 2.012000000000000000e+03 4.600000000000000000e+01
2.286799300000000000e+07 2.012000000000000000e+03 1.100000000000000000e+01
2.118178600000000000e+07 2.011000000000000000e+03 1.700000000000000000e+01
2.126646200000000000e+07 2.012000000000000000e+03 1.700000000000000000e+01
2.365853800000000000e+07 2.013000000000000000e+03 3.200000000000000000e+01
2.533863300000000000e+07 2.015000000000000000e+03 1.700000000000000000e+01
2.122961600000000000e+07 2.011000000000000000e+03 1.300000000000000000e+01
2.608337900000000000e+07 2.015000000000000000e+03 2.100000000000000000e+01
2.271164600000000000e+07 2.013000000000000000e+03 1.400000000000000000e+01
2.202424600000000000e+07 2.011000000000000000e+03 1.400000000000000000e+01
2.344761100000000000e+07 2.013000000000000000e+03 1.500000000000000000e+01
2.279839800000000000e+07 2.013000000000000000e+03 3.400000000000000000e+01
2.215533100000000000e+07 2.012000000000000000e+03 1.600000000000000000e+01
2.073606900000000000e+07 2.011000000000000000e+03 1.400000000000000000e+01
2.555706200000000000e+07 2.015000000000000000e+03 2.900000000000000000e+01
2.210999800000000000e+07 2.013000000000000000e+03 1.700000000000000000e+01
2.316091000000000000e+07 2.013000000000000000e+03 1.600000000000000000e+01
2.565946200000000000e+07 2.015000000000000000e+03 7.650000000000000000e+02
2.376098200000000000e+07 2.014000000000000000e+03 2.200000000000000000e+01
2.236220000000000000e+07 2.013000000000000000e+03 1.540000000000000000e+02
2.577621700000000000e+07 2.015000000000000000e+03 1.200000000000000000e+02
2.420532700000000000e+07 2.013000000000000000e+03 1.400000000000000000e+01
2.097426600000000000e+07 2.011000000000000000e+03 3.500000000000000000e+01
2.597692600000000000e+07 2.015000000000000000e+03 1.100000000000000000e+01
2.592982500000000000e+07 2.015000000000000000e+03 7.600000000000000000e+01
2.517002100000000000e+07 2.015000000000000000e+03 2.300000000000000000e+01
2.458318500000000000e+07 2.014000000000000000e+03 1.900000000000000000e+01
2.373233800000000000e+07 2.013000000000000000e+03 1.200000000000000000e+01
2.184364600000000000e+07 2.012000000000000000e+03 5.800000000000000000e+01
2.591141800000000000e+07 2.015000000000000000e+03 2.600000000000000000e+01
2.542604600000000000e+07 2.014000000000000000e+03 2.100000000000000000e+01
2.577171200000000000e+07 2.015000000000000000e+03 5.100000000000000000e+01
2.296025800000000000e+07 2.013000000000000000e+03 1.200000000000000000e+01
2.447373100000000000e+07 2.014000000000000000e+03 1.200000000000000000e+01
2.206938700000000000e+07 2.011000000000000000e+03 2.800000000000000000e+01
2.230081200000000000e+07 2.012000000000000000e+03 1.800000000000000000e+01
2.204276500000000000e+07 2.013000000000000000e+03 9.400000000000000000e+01
2.260801400000000000e+07 2.012000000000000000e+03 1.160000000000000000e+02
2.305653300000000000e+07 2.012000000000000000e+03 3.600000000000000000e+01
2.472770300000000000e+07 2.014000000000000000e+03 3.400000000000000000e+01
2.180316300000000000e+07 2.012000000000000000e+03 1.500000000000000000e+01
2.248515200000000000e+07 2.012000000000000000e+03 1.300000000000000000e+01
2.414608200000000000e+07 2.014000000000000000e+03 2.800000000000000000e+01
2.579882200000000000e+07 2.015000000000000000e+03 4.000000000000000000e+01
2.115620900000000000e+07 2.011000000000000000e+03 4.000000000000000000e+01
2.188919500000000000e+07 2.012000000000000000e+03 1.600000000000000000e+01
2.188919600000000000e+07 2.011000000000000000e+03 1.400000000000000000e+01
2.185642900000000000e+07 2.012000000000000000e+03 2.100000000000000000e+01
2.601507000000000000e+07 2.015000000000000000e+03 1.900000000000000000e+01
2.325113000000000000e+07 2.012000000000000000e+03 3.000000000000000000e+00
2.463353200000000000e+07 2.015000000000000000e+03 2.000000000000000000e+01
2.530938000000000000e+07 2.014000000000000000e+03 2.000000000000000000e+01
2.598931700000000000e+07 2.015000000000000000e+03 3.400000000000000000e+01
2.406419800000000000e+07 2.013000000000000000e+03 2.200000000000000000e+01
2.366074300000000000e+07 2.013000000000000000e+03 1.800000000000000000e+01
2.331356900000000000e+07 2.013000000000000000e+03 1.800000000000000000e+01
2.335560600000000000e+07 2.014000000000000000e+03 2.400000000000000000e+01
2.260927300000000000e+07 2.012000000000000000e+03 2.000000000000000000e+01
2.599548000000000000e+07 2.015000000000000000e+03 3.200000000000000000e+01
2.182966800000000000e+07 2.011000000000000000e+03 1.600000000000000000e+01
2.128917900000000000e+07 2.011000000000000000e+03 3.400000000000000000e+01
2.594633400000000000e+07 2.015000000000000000e+03 3.900000000000000000e+01
2.418915700000000000e+07 2.014000000000000000e+03 2.300000000000000000e+01
2.193226600000000000e+07 2.012000000000000000e+03 1.600000000000000000e+01
2.125623100000000000e+07 2.011000000000000000e+03 1.000000000000000000e+01
2.493668700000000000e+07 2.014000000000000000e+03 3.300000000000000000e+01
2.159026100000000000e+07 2.011000000000000000e+03 1.300000000000000000e+01
2.491007000000000000e+07 2.014000000000000000e+03 1.400000000000000000e+01
2.514354300000000000e+07 2.014000000000000000e+03 3.000000000000000000e+01
2.350105100000000000e+07 2.013000000000000000e+03 1.700000000000000000e+01
2.427519700000000000e+07 2.014000000000000000e+03 1.700000000000000000e+01
2.445312000000000000e+07 2.014000000000000000e+03 2.500000000000000000e+02
2.390861500000000000e+07 2.013000000000000000e+03 2.000000000000000000e+01
2.531969000000000000e+07 2.014000000000000000e+03 5.860000000000000000e+02
2.353793700000000000e+07 2.013000000000000000e+03 1.600000000000000000e+01
2.119009600000000000e+07 2.011000000000000000e+03 1.800000000000000000e+01
2.260815700000000000e+07 2.012000000000000000e+03 5.000000000000000000e+01
2.563213300000000000e+07 2.015000000000000000e+03 2.100000000000000000e+01
2.497974800000000000e+07 2.014000000000000000e+03 1.800000000000000000e+01
2.431620000000000000e+07 2.014000000000000000e+03 2.600000000000000000e+01
2.361373900000000000e+07 2.013000000000000000e+03 2.800000000000000000e+01
2.159031600000000000e+07 2.011000000000000000e+03 1.700000000000000000e+01
2.479543700000000000e+07 2.015000000000000000e+03 4.700000000000000000e+01
2.479544200000000000e+07 2.015000000000000000e+03 1.570000000000000000e+02
2.608978200000000000e+07 2.015000000000000000e+03 2.400000000000000000e+01
2.385132400000000000e+07 2.013000000000000000e+03 2.500000000000000000e+01
2.544645300000000000e+07 2.015000000000000000e+03 2.000000000000000000e+01
2.265939300000000000e+07 2.012000000000000000e+03 2.100000000000000000e+01
2.241939200000000000e+07 2.013000000000000000e+03 2.100000000000000000e+01
2.180333900000000000e+07 2.011000000000000000e+03 1.800000000000000000e+01
2.573199500000000000e+07 2.015000000000000000e+03 1.150000000000000000e+02
2.565358200000000000e+07 2.014000000000000000e+03 4.500000000000000000e+01
2.538939600000000000e+07 2.014000000000000000e+03 2.400000000000000000e+01
2.051925300000000000e+07 2.011000000000000000e+03 4.500000000000000000e+01
2.507810200000000000e+07 2.014000000000000000e+03 3.000000000000000000e+01
2.510882300000000000e+07 2.014000000000000000e+03 2.600000000000000000e+01
2.340898400000000000e+07 2.013000000000000000e+03 4.400000000000000000e+01
2.510785500000000000e+07 2.014000000000000000e+03 8.000000000000000000e+00
2.318371100000000000e+07 2.014000000000000000e+03 2.200000000000000000e+01
2.335369600000000000e+07 2.013000000000000000e+03 1.600000000000000000e+01
2.190781100000000000e+07 2.012000000000000000e+03 9.000000000000000000e+00
2.125480500000000000e+07 2.011000000000000000e+03 4.400000000000000000e+01
2.080189700000000000e+07 2.011000000000000000e+03 1.100000000000000000e+01
2.413710600000000000e+07 2.013000000000000000e+03 2.300000000000000000e+01
2.299326500000000000e+07 2.012000000000000000e+03 1.200000000000000000e+01
2.243829100000000000e+07 2.013000000000000000e+03 2.000000000000000000e+01
2.359113100000000000e+07 2.013000000000000000e+03 4.900000000000000000e+01
2.563829500000000000e+07 2.015000000000000000e+03 1.500000000000000000e+01
2.069339000000000000e+07 2.011000000000000000e+03 1.800000000000000000e+01
2.243828800000000000e+07 2.013000000000000000e+03 8.000000000000000000e+01
2.425896900000000000e+07 2.014000000000000000e+03 1.800000000000000000e+01
2.375516200000000000e+07 2.014000000000000000e+03 1.200000000000000000e+01
2.284175500000000000e+07 2.013000000000000000e+03 1.700000000000000000e+01
2.210243700000000000e+07 2.012000000000000000e+03 1.500000000000000000e+01
2.546730200000000000e+07 2.015000000000000000e+03 7.000000000000000000e+01
2.565946300000000000e+07 2.015000000000000000e+03 2.400000000000000000e+01
2.160068400000000000e+07 2.011000000000000000e+03 3.900000000000000000e+01
2.198980500000000000e+07 2.012000000000000000e+03 1.700000000000000000e+01
2.332920600000000000e+07 2.013000000000000000e+03 1.200000000000000000e+01
2.284793000000000000e+07 2.014000000000000000e+03 3.000000000000000000e+01
2.385964300000000000e+07 2.013000000000000000e+03 3.000000000000000000e+00
2.385965000000000000e+07 2.013000000000000000e+03 4.200000000000000000e+01
2.255303200000000000e+07 2.012000000000000000e+03 1.100000000000000000e+01
2.367533700000000000e+07 2.013000000000000000e+03 1.200000000000000000e+01
2.269640000000000000e+07 2.013000000000000000e+03 1.500000000000000000e+02
2.169288200000000000e+07 2.011000000000000000e+03 1.600000000000000000e+01
2.578888300000000000e+07 2.015000000000000000e+03 2.200000000000000000e+01
2.142050000000000000e+07 2.011000000000000000e+03 2.200000000000000000e+01
2.276808500000000000e+07 2.012000000000000000e+03 2.500000000000000000e+01
2.184034400000000000e+07 2.011000000000000000e+03 4.300000000000000000e+01
2.371426500000000000e+07 2.013000000000000000e+03 1.200000000000000000e+02
2.606537600000000000e+07 2.015000000000000000e+03 1.170000000000000000e+02
2.546531300000000000e+07 2.015000000000000000e+03 4.800000000000000000e+01
2.553904500000000000e+07 2.015000000000000000e+03 1.060000000000000000e+02
2.238717400000000000e+07 2.012000000000000000e+03 8.500000000000000000e+01
2.159050400000000000e+07 2.011000000000000000e+03 3.900000000000000000e+01
2.577621100000000000e+07 2.015000000000000000e+03 2.400000000000000000e+01
2.280702800000000000e+07 2.013000000000000000e+03 2.000000000000000000e+01
2.157208800000000000e+07 2.012000000000000000e+03 2.250000000000000000e+02
2.511103300000000000e+07 2.014000000000000000e+03 3.330000000000000000e+02
2.439833200000000000e+07 2.014000000000000000e+03 6.700000000000000000e+01
2.248754900000000000e+07 2.012000000000000000e+03 2.700000000000000000e+01
2.331494400000000000e+07 2.014000000000000000e+03 9.500000000000000000e+01
2.315409200000000000e+07 2.013000000000000000e+03 3.400000000000000000e+01
2.165529800000000000e+07 2.011000000000000000e+03 2.200000000000000000e+01
2.476084700000000000e+07 2.014000000000000000e+03 7.200000000000000000e+01
2.260840400000000000e+07 2.013000000000000000e+03 1.600000000000000000e+01
2.297295200000000000e+07 2.012000000000000000e+03 7.200000000000000000e+01
2.184040900000000000e+07 2.012000000000000000e+03 2.200000000000000000e+01
2.588726100000000000e+07 2.015000000000000000e+03 1.220000000000000000e+02
2.140623800000000000e+07 2.011000000000000000e+03 2.000000000000000000e+01
2.133046800000000000e+07 2.011000000000000000e+03 2.500000000000000000e+01
2.571728900000000000e+07 2.015000000000000000e+03 3.200000000000000000e+02
2.437061000000000000e+07 2.015000000000000000e+03 1.900000000000000000e+01
2.561340500000000000e+07 2.015000000000000000e+03 1.400000000000000000e+01
2.412579100000000000e+07 2.014000000000000000e+03 1.600000000000000000e+01
2.466257900000000000e+07 2.014000000000000000e+03 5.800000000000000000e+01
2.215911300000000000e+07 2.011000000000000000e+03 2.800000000000000000e+01
2.222753500000000000e+07 2.012000000000000000e+03 2.200000000000000000e+01
2.503792400000000000e+07 2.015000000000000000e+03 5.000000000000000000e+01
2.598507800000000000e+07 2.015000000000000000e+03 5.400000000000000000e+01
2.350738600000000000e+07 2.013000000000000000e+03 2.600000000000000000e+01
2.572468800000000000e+07 2.015000000000000000e+03 2.400000000000000000e+01
2.119519500000000000e+07 2.011000000000000000e+03 1.900000000000000000e+01
2.155496100000000000e+07 2.011000000000000000e+03 6.800000000000000000e+01
2.439434700000000000e+07 2.014000000000000000e+03 3.000000000000000000e+01
2.314506800000000000e+07 2.012000000000000000e+03 1.200000000000000000e+01
2.251428500000000000e+07 2.012000000000000000e+03 1.400000000000000000e+01
2.584229300000000000e+07 2.015000000000000000e+03 4.700000000000000000e+01
2.376971900000000000e+07 2.013000000000000000e+03 1.800000000000000000e+01
2.592626800000000000e+07 2.015000000000000000e+03 1.300000000000000000e+01
2.321677100000000000e+07 2.013000000000000000e+03 1.400000000000000000e+01
2.295667600000000000e+07 2.013000000000000000e+03 2.100000000000000000e+01
2.194579400000000000e+07 2.012000000000000000e+03 1.400000000000000000e+01
2.317582200000000000e+07 2.012000000000000000e+03 5.600000000000000000e+01
2.605735900000000000e+07 2.015000000000000000e+03 2.500000000000000000e+01
2.368577600000000000e+07 2.014000000000000000e+03 5.000000000000000000e+01
2.274574500000000000e+07 2.012000000000000000e+03 1.000000000000000000e+01
2.569896200000000000e+07 2.015000000000000000e+03 5.000000000000000000e+01
2.412043000000000000e+07 2.013000000000000000e+03 1.400000000000000000e+01
2.125480600000000000e+07 2.011000000000000000e+03 2.000000000000000000e+01
2.360433600000000000e+07 2.013000000000000000e+03 2.000000000000000000e+01
2.498912600000000000e+07 2.014000000000000000e+03 1.500000000000000000e+01
2.600090200000000000e+07 2.015000000000000000e+03 4.600000000000000000e+01
2.239147600000000000e+07 2.012000000000000000e+03 1.700000000000000000e+01
2.211407800000000000e+07 2.013000000000000000e+03 4.700000000000000000e+01
2.297515900000000000e+07 2.013000000000000000e+03 3.100000000000000000e+01
2.170335200000000000e+07 2.011000000000000000e+03 2.500000000000000000e+01
2.219897000000000000e+07 2.013000000000000000e+03 4.900000000000000000e+01
2.443948500000000000e+07 2.014000000000000000e+03 6.000000000000000000e+01
2.406266000000000000e+07 2.013000000000000000e+03 1.800000000000000000e+01
2.521816700000000000e+07 2.014000000000000000e+03 2.000000000000000000e+01
2.520874300000000000e+07 2.015000000000000000e+03 2.060000000000000000e+02
2.597960900000000000e+07 2.015000000000000000e+03 1.530000000000000000e+02
2.216214500000000000e+07 2.013000000000000000e+03 2.800000000000000000e+01
2.610250100000000000e+07 2.015000000000000000e+03 2.000000000000000000e+01
2.511946400000000000e+07 2.014000000000000000e+03 4.800000000000000000e+01
2.072855600000000000e+07 2.011000000000000000e+03 2.800000000000000000e+01
2.510308700000000000e+07 2.015000000000000000e+03 5.900000000000000000e+01
2.305509200000000000e+07 2.013000000000000000e+03 6.400000000000000000e+01
2.359576600000000000e+07 2.013000000000000000e+03 3.500000000000000000e+01
2.291173800000000000e+07 2.012000000000000000e+03 1.200000000000000000e+01
2.524032300000000000e+07 2.014000000000000000e+03 2.000000000000000000e+01
2.426957500000000000e+07 2.014000000000000000e+03 2.300000000000000000e+01
2.520486600000000000e+07 2.014000000000000000e+03 2.000000000000000000e+01
2.346883200000000000e+07 2.013000000000000000e+03 2.100000000000000000e+01
2.375964900000000000e+07 2.013000000000000000e+03 2.200000000000000000e+01
2.210077000000000000e+07 2.012000000000000000e+03 1.500000000000000000e+01
2.239977900000000000e+07 2.012000000000000000e+03 2.100000000000000000e+01
2.333366800000000000e+07 2.013000000000000000e+03 4.000000000000000000e+00
2.560100700000000000e+07 2.015000000000000000e+03 6.000000000000000000e+00
2.362449100000000000e+07 2.013000000000000000e+03 1.300000000000000000e+02
2.246532400000000000e+07 2.012000000000000000e+03 3.000000000000000000e+01
2.225029000000000000e+07 2.013000000000000000e+03 5.500000000000000000e+01
2.276188700000000000e+07 2.012000000000000000e+03 2.000000000000000000e+01
2.455839200000000000e+07 2.014000000000000000e+03 2.000000000000000000e+01
2.556601000000000000e+07 2.014000000000000000e+03 1.400000000000000000e+01
2.512159500000000000e+07 2.014000000000000000e+03 1.200000000000000000e+01
2.376991700000000000e+07 2.013000000000000000e+03 2.200000000000000000e+01
2.328112900000000000e+07 2.014000000000000000e+03 1.800000000000000000e+01
2.552711200000000000e+07 2.015000000000000000e+03 2.000000000000000000e+01
2.443143300000000000e+07 2.014000000000000000e+03 2.000000000000000000e+01
2.285582200000000000e+07 2.012000000000000000e+03 2.920000000000000000e+02
2.443145100000000000e+07 2.014000000000000000e+03 1.880000000000000000e+02
2.368188700000000000e+07 2.014000000000000000e+03 2.200000000000000000e+01
2.484516100000000000e+07 2.014000000000000000e+03 1.800000000000000000e+01
2.468543600000000000e+07 2.014000000000000000e+03 1.200000000000000000e+01
2.288524700000000000e+07 2.012000000000000000e+03 1.200000000000000000e+01
2.211315500000000000e+07 2.012000000000000000e+03 3.600000000000000000e+01
2.352820400000000000e+07 2.013000000000000000e+03 1.500000000000000000e+01
2.088435900000000000e+07 2.011000000000000000e+03 1.200000000000000000e+01
2.583028800000000000e+07 2.015000000000000000e+03 4.600000000000000000e+01
2.306345100000000000e+07 2.013000000000000000e+03 1.800000000000000000e+01
2.573199600000000000e+07 2.015000000000000000e+03 2.000000000000000000e+01
2.381097400000000000e+07 2.013000000000000000e+03 2.000000000000000000e+01
2.435575200000000000e+07 2.014000000000000000e+03 6.400000000000000000e+01
2.469572100000000000e+07 2.014000000000000000e+03 2.000000000000000000e+01
2.400145700000000000e+07 2.014000000000000000e+03 5.200000000000000000e+01
2.461585800000000000e+07 2.014000000000000000e+03 1.800000000000000000e+01
2.220331900000000000e+07 2.012000000000000000e+03 2.300000000000000000e+01
2.128172000000000000e+07 2.011000000000000000e+03 1.500000000000000000e+01
2.499932200000000000e+07 2.014000000000000000e+03 1.600000000000000000e+01
2.290169600000000000e+07 2.013000000000000000e+03 2.350000000000000000e+02
2.123257800000000000e+07 2.011000000000000000e+03 3.000000000000000000e+01
2.114861200000000000e+07 2.011000000000000000e+03 2.700000000000000000e+01
2.526100100000000000e+07 2.015000000000000000e+03 8.200000000000000000e+01
2.298772300000000000e+07 2.014000000000000000e+03 8.700000000000000000e+01
2.037858100000000000e+07 2.011000000000000000e+03 2.000000000000000000e+01
2.545147900000000000e+07 2.015000000000000000e+03 5.000000000000000000e+00
2.290581600000000000e+07 2.013000000000000000e+03 1.500000000000000000e+01
2.363807000000000000e+07 2.013000000000000000e+03 2.400000000000000000e+01
2.381103900000000000e+07 2.013000000000000000e+03 2.300000000000000000e+01
2.527945700000000000e+07 2.014000000000000000e+03 1.600000000000000000e+01
2.115478900000000000e+07 2.011000000000000000e+03 1.500000000000000000e+01
2.471831100000000000e+07 2.014000000000000000e+03 2.000000000000000000e+01
2.139645700000000000e+07 2.011000000000000000e+03 3.600000000000000000e+01
2.426980200000000000e+07 2.014000000000000000e+03 2.500000000000000000e+01
2.589364100000000000e+07 2.015000000000000000e+03 1.300000000000000000e+01
2.237131000000000000e+07 2.013000000000000000e+03 2.700000000000000000e+01
2.329700900000000000e+07 2.013000000000000000e+03 7.100000000000000000e+01
2.514005100000000000e+07 2.015000000000000000e+03 4.600000000000000000e+01
2.362060000000000000e+07 2.014000000000000000e+03 2.400000000000000000e+01
2.362060100000000000e+07 2.014000000000000000e+03 1.170000000000000000e+02
2.175692500000000000e+07 2.011000000000000000e+03 2.200000000000000000e+01
2.358374200000000000e+07 2.013000000000000000e+03 1.900000000000000000e+01
2.235784600000000000e+07 2.012000000000000000e+03 2.700000000000000000e+01
2.149479000000000000e+07 2.011000000000000000e+03 3.000000000000000000e+01
2.543309500000000000e+07 2.015000000000000000e+03 2.200000000000000000e+01
2.041344800000000000e+07 2.011000000000000000e+03 7.000000000000000000e+00
2.409984900000000000e+07 2.014000000000000000e+03 2.200000000000000000e+01
2.539419800000000000e+07 2.015000000000000000e+03 5.500000000000000000e+01
2.516687500000000000e+07 2.014000000000000000e+03 3.400000000000000000e+01
2.361654700000000000e+07 2.013000000000000000e+03 2.700000000000000000e+01
2.446442300000000000e+07 2.014000000000000000e+03 2.000000000000000000e+01
2.601933600000000000e+07 2.015000000000000000e+03 8.000000000000000000e+00
2.288748000000000000e+07 2.014000000000000000e+03 3.200000000000000000e+01
2.085177000000000000e+07 2.011000000000000000e+03 1.100000000000000000e+01
2.137606500000000000e+07 2.011000000000000000e+03 1.500000000000000000e+01
2.334214800000000000e+07 2.013000000000000000e+03 4.200000000000000000e+01
2.234478200000000000e+07 2.013000000000000000e+03 2.700000000000000000e+01
2.271137600000000000e+07 2.013000000000000000e+03 4.000000000000000000e+01
2.236116900000000000e+07 2.012000000000000000e+03 1.200000000000000000e+01
2.234888400000000000e+07 2.012000000000000000e+03 2.620000000000000000e+02
2.234888500000000000e+07 2.012000000000000000e+03 8.400000000000000000e+01
2.515055300000000000e+07 2.014000000000000000e+03 3.000000000000000000e+01
2.437641100000000000e+07 2.013000000000000000e+03 1.700000000000000000e+01
2.215433200000000000e+07 2.012000000000000000e+03 6.000000000000000000e+01
2.203871400000000000e+07 2.011000000000000000e+03 1.600000000000000000e+01
2.334217600000000000e+07 2.013000000000000000e+03 1.700000000000000000e+01
2.568099300000000000e+07 2.015000000000000000e+03 1.536000000000000000e+03
2.223011500000000000e+07 2.012000000000000000e+03 1.900000000000000000e+01
2.236724900000000000e+07 2.013000000000000000e+03 1.600000000000000000e+01
2.167715700000000000e+07 2.011000000000000000e+03 3.400000000000000000e+01
2.182051800000000000e+07 2.012000000000000000e+03 1.200000000000000000e+01
2.595748400000000000e+07 2.015000000000000000e+03 1.700000000000000000e+01
2.081495900000000000e+07 2.011000000000000000e+03 1.600000000000000000e+01
2.225880000000000000e+07 2.013000000000000000e+03 4.700000000000000000e+01
2.372721700000000000e+07 2.013000000000000000e+03 2.600000000000000000e+01
2.175500400000000000e+07 2.011000000000000000e+03 2.100000000000000000e+01
2.156863900000000000e+07 2.011000000000000000e+03 1.900000000000000000e+01
2.131059300000000000e+07 2.011000000000000000e+03 4.000000000000000000e+01
2.153177900000000000e+07 2.011000000000000000e+03 1.600000000000000000e+01
2.167104500000000000e+07 2.011000000000000000e+03 1.900000000000000000e+01
2.141914400000000000e+07 2.011000000000000000e+03 3.200000000000000000e+01
2.213674900000000000e+07 2.012000000000000000e+03 3.600000000000000000e+01
2.453416200000000000e+07 2.014000000000000000e+03 4.000000000000000000e+01
2.542914000000000000e+07 2.014000000000000000e+03 2.200000000000000000e+01
2.245135300000000000e+07 2.013000000000000000e+03 1.200000000000000000e+01
2.173865700000000000e+07 2.011000000000000000e+03 1.600000000000000000e+01
2.597392300000000000e+07 2.015000000000000000e+03 2.000000000000000000e+01
2.330097700000000000e+07 2.013000000000000000e+03 3.100000000000000000e+01
2.298590000000000000e+07 2.012000000000000000e+03 3.000000000000000000e+01
2.298181000000000000e+07 2.013000000000000000e+03 4.100000000000000000e+01
2.587564000000000000e+07 2.015000000000000000e+03 2.800000000000000000e+01
2.531128200000000000e+07 2.015000000000000000e+03 2.000000000000000000e+01
2.521285100000000000e+07 2.014000000000000000e+03 3.000000000000000000e+01
2.272377500000000000e+07 2.012000000000000000e+03 5.600000000000000000e+01
2.251810100000000000e+07 2.012000000000000000e+03 5.000000000000000000e+00
2.483083900000000000e+07 2.014000000000000000e+03 2.000000000000000000e+01
2.599854100000000000e+07 2.015000000000000000e+03 1.800000000000000000e+01
2.345083300000000000e+07 2.014000000000000000e+03 2.000000000000000000e+01
2.114723300000000000e+07 2.011000000000000000e+03 2.500000000000000000e+01
2.372732000000000000e+07 2.013000000000000000e+03 1.900000000000000000e+01
2.506466600000000000e+07 2.014000000000000000e+03 1.900000000000000000e+01
2.601857200000000000e+07 2.015000000000000000e+03 2.000000000000000000e+01
2.472675200000000000e+07 2.014000000000000000e+03 1.020000000000000000e+02
2.379696100000000000e+07 2.013000000000000000e+03 1.600000000000000000e+01
2.435197600000000000e+07 2.015000000000000000e+03 1.800000000000000000e+01
2.415500400000000000e+07 2.014000000000000000e+03 1.600000000000000000e+01
2.271972300000000000e+07 2.012000000000000000e+03 2.000000000000000000e+01
2.205208100000000000e+07 2.012000000000000000e+03 1.800000000000000000e+01
2.607026000000000000e+07 2.015000000000000000e+03 2.000000000000000000e+01
2.057817400000000000e+07 2.011000000000000000e+03 1.200000000000000000e+01
2.142539900000000000e+07 2.012000000000000000e+03 1.500000000000000000e+01
2.220978400000000000e+07 2.012000000000000000e+03 1.000000000000000000e+02
2.241459200000000000e+07 2.012000000000000000e+03 3.400000000000000000e+01
2.241459400000000000e+07 2.012000000000000000e+03 1.400000000000000000e+01
2.528180000000000000e+07 2.015000000000000000e+03 9.100000000000000000e+01
2.517218300000000000e+07 2.014000000000000000e+03 1.500000000000000000e+01
2.337511700000000000e+07 2.013000000000000000e+03 1.700000000000000000e+01
2.149096400000000000e+07 2.011000000000000000e+03 1.800000000000000000e+01
2.424648900000000000e+07 2.014000000000000000e+03 5.400000000000000000e+01
2.574539400000000000e+07 2.015000000000000000e+03 2.000000000000000000e+01
2.244629900000000000e+07 2.013000000000000000e+03 1.980000000000000000e+02
2.384413200000000000e+07 2.013000000000000000e+03 1.300000000000000000e+01
2.088435800000000000e+07 2.011000000000000000e+03 1.800000000000000000e+01
2.235935300000000000e+07 2.013000000000000000e+03 1.800000000000000000e+01
2.526435300000000000e+07 2.015000000000000000e+03 1.360000000000000000e+02
2.197639200000000000e+07 2.012000000000000000e+03 9.100000000000000000e+01
2.295125800000000000e+07 2.012000000000000000e+03 3.000000000000000000e+01
2.197641100000000000e+07 2.012000000000000000e+03 2.400000000000000000e+01
2.194569300000000000e+07 2.012000000000000000e+03 2.300000000000000000e+01
2.328508600000000000e+07 2.012000000000000000e+03 1.200000000000000000e+01
2.528188700000000000e+07 2.014000000000000000e+03 2.200000000000000000e+01
2.259491400000000000e+07 2.012000000000000000e+03 2.000000000000000000e+00
2.247613100000000000e+07 2.012000000000000000e+03 2.000000000000000000e+01
2.375613700000000000e+07 2.013000000000000000e+03 1.020000000000000000e+02
2.523479900000000000e+07 2.015000000000000000e+03 1.600000000000000000e+01
2.331377900000000000e+07 2.013000000000000000e+03 5.000000000000000000e+00
2.359640400000000000e+07 2.013000000000000000e+03 2.600000000000000000e+01
2.365170500000000000e+07 2.014000000000000000e+03 4.600000000000000000e+01
2.329126500000000000e+07 2.013000000000000000e+03 2.700000000000000000e+01
2.435709900000000000e+07 2.014000000000000000e+03 1.600000000000000000e+01
2.442176500000000000e+07 2.013000000000000000e+03 2.000000000000000000e+01
2.608269500000000000e+07 2.015000000000000000e+03 7.600000000000000000e+01
2.510785400000000000e+07 2.014000000000000000e+03 2.400000000000000000e+01
2.265230600000000000e+07 2.012000000000000000e+03 2.500000000000000000e+01
2.115932200000000000e+07 2.011000000000000000e+03 1.800000000000000000e+01
2.441239900000000000e+07 2.014000000000000000e+03 3.300000000000000000e+01
2.463887800000000000e+07 2.015000000000000000e+03 2.810000000000000000e+02
2.138256000000000000e+07 2.011000000000000000e+03 3.800000000000000000e+01
2.212394000000000000e+07 2.012000000000000000e+03 5.900000000000000000e+01
2.517341300000000000e+07 2.014000000000000000e+03 2.200000000000000000e+01
2.223863000000000000e+07 2.012000000000000000e+03 1.200000000000000000e+01
2.168976700000000000e+07 2.011000000000000000e+03 2.400000000000000000e+01
2.377053600000000000e+07 2.013000000000000000e+03 4.800000000000000000e+01
2.293700100000000000e+07 2.012000000000000000e+03 2.700000000000000000e+01
2.213009200000000000e+07 2.013000000000000000e+03 1.200000000000000000e+01
2.573199700000000000e+07 2.015000000000000000e+03 3.900000000000000000e+01
2.208708900000000000e+07 2.011000000000000000e+03 3.200000000000000000e+01
2.262366600000000000e+07 2.012000000000000000e+03 2.400000000000000000e+01
2.108767300000000000e+07 2.011000000000000000e+03 5.000000000000000000e+01
2.284281300000000000e+07 2.013000000000000000e+03 2.400000000000000000e+01
2.094022200000000000e+07 2.011000000000000000e+03 2.100000000000000000e+01
2.284281500000000000e+07 2.013000000000000000e+03 4.800000000000000000e+01
2.281414600000000000e+07 2.012000000000000000e+03 3.200000000000000000e+01
2.602575900000000000e+07 2.015000000000000000e+03 1.400000000000000000e+01
2.524581300000000000e+07 2.014000000000000000e+03 1.740000000000000000e+02
2.195400000000000000e+07 2.012000000000000000e+03 1.300000000000000000e+01
2.393441700000000000e+07 2.014000000000000000e+03 1.400000000000000000e+01
2.547656600000000000e+07 2.015000000000000000e+03 1.200000000000000000e+01
2.184956000000000000e+07 2.011000000000000000e+03 2.000000000000000000e+01
2.435836700000000000e+07 2.013000000000000000e+03 1.900000000000000000e+01
2.176150600000000000e+07 2.012000000000000000e+03 1.500000000000000000e+01
2.594147800000000000e+07 2.015000000000000000e+03 1.080000000000000000e+02
2.355809400000000000e+07 2.013000000000000000e+03 2.900000000000000000e+01
2.238410500000000000e+07 2.012000000000000000e+03 2.000000000000000000e+01
2.375013300000000000e+07 2.013000000000000000e+03 1.800000000000000000e+01
2.203187400000000000e+07 2.011000000000000000e+03 1.300000000000000000e+01
2.211584600000000000e+07 2.012000000000000000e+03 1.800000000000000000e+01
2.339584900000000000e+07 2.014000000000000000e+03 1.200000000000000000e+01
2.447310100000000000e+07 2.014000000000000000e+03 2.300000000000000000e+01
2.313780800000000000e+07 2.013000000000000000e+03 1.500000000000000000e+01
2.351054500000000000e+07 2.013000000000000000e+03 3.300000000000000000e+01
2.468200300000000000e+07 2.014000000000000000e+03 5.500000000000000000e+01
2.364572100000000000e+07 2.014000000000000000e+03 4.500000000000000000e+01
2.381366100000000000e+07 2.014000000000000000e+03 2.100000000000000000e+01
2.062902700000000000e+07 2.011000000000000000e+03 1.600000000000000000e+01
2.579891800000000000e+07 2.015000000000000000e+03 1.600000000000000000e+01
2.259306200000000000e+07 2.012000000000000000e+03 2.200000000000000000e+01
2.461648800000000000e+07 2.014000000000000000e+03 1.600000000000000000e+01
2.161349000000000000e+07 2.011000000000000000e+03 9.500000000000000000e+01
2.124348600000000000e+07 2.011000000000000000e+03 4.100000000000000000e+01
2.520632700000000000e+07 2.014000000000000000e+03 1.600000000000000000e+01
2.482489900000000000e+07 2.014000000000000000e+03 1.100000000000000000e+01
2.598048300000000000e+07 2.015000000000000000e+03 3.000000000000000000e+01
2.453254900000000000e+07 2.014000000000000000e+03 1.200000000000000000e+02
2.145850300000000000e+07 2.011000000000000000e+03 1.800000000000000000e+01
2.253986200000000000e+07 2.012000000000000000e+03 1.600000000000000000e+01
2.331400700000000000e+07 2.014000000000000000e+03 1.800000000000000000e+01
2.218965700000000000e+07 2.012000000000000000e+03 1.500000000000000000e+01
2.466979000000000000e+07 2.014000000000000000e+03 2.600000000000000000e+01
2.528214300000000000e+07 2.015000000000000000e+03 3.400000000000000000e+01
2.249686500000000000e+07 2.012000000000000000e+03 1.200000000000000000e+01
2.291261100000000000e+07 2.012000000000000000e+03 2.400000000000000000e+01
2.320958300000000000e+07 2.012000000000000000e+03 2.600000000000000000e+01
2.331812800000000000e+07 2.013000000000000000e+03 6.400000000000000000e+01
2.301912800000000000e+07 2.014000000000000000e+03 2.000000000000000000e+01
2.432442900000000000e+07 2.013000000000000000e+03 1.000000000000000000e+01
2.305190000000000000e+07 2.013000000000000000e+03 2.500000000000000000e+01
2.305190100000000000e+07 2.014000000000000000e+03 1.400000000000000000e+01
2.342668700000000000e+07 2.013000000000000000e+03 2.000000000000000000e+01
2.256448100000000000e+07 2.012000000000000000e+03 9.000000000000000000e+00
2.020313900000000000e+07 2.011000000000000000e+03 1.600000000000000000e+01
2.252147600000000000e+07 2.012000000000000000e+03 5.000000000000000000e+01
2.545316600000000000e+07 2.014000000000000000e+03 2.200000000000000000e+01
2.086261700000000000e+07 2.011000000000000000e+03 1.500000000000000000e+01
2.234537000000000000e+07 2.013000000000000000e+03 3.400000000000000000e+01
2.405135700000000000e+07 2.014000000000000000e+03 1.400000000000000000e+01
2.395920000000000000e+07 2.014000000000000000e+03 2.700000000000000000e+01
2.471179200000000000e+07 2.014000000000000000e+03 4.500000000000000000e+01
2.142173200000000000e+07 2.012000000000000000e+03 2.700000000000000000e+01
2.241493700000000000e+07 2.012000000000000000e+03 3.700000000000000000e+01
2.271738300000000000e+07 2.013000000000000000e+03 1.900000000000000000e+01
2.461867400000000000e+07 2.014000000000000000e+03 1.900000000000000000e+01
2.247032600000000000e+07 2.012000000000000000e+03 1.600000000000000000e+01
2.151391800000000000e+07 2.011000000000000000e+03 3.000000000000000000e+01
2.528430400000000000e+07 2.015000000000000000e+03 3.160000000000000000e+02
2.612471200000000000e+07 2.015000000000000000e+03 5.200000000000000000e+01
2.211603700000000000e+07 2.012000000000000000e+03 2.250000000000000000e+02
2.135418900000000000e+07 2.011000000000000000e+03 2.300000000000000000e+01
2.528430300000000000e+07 2.014000000000000000e+03 2.500000000000000000e+01
2.476001600000000000e+07 2.015000000000000000e+03 5.100000000000000000e+01
2.198293000000000000e+07 2.012000000000000000e+03 1.880000000000000000e+02
2.244578400000000000e+07 2.012000000000000000e+03 1.600000000000000000e+01
2.105110500000000000e+07 2.012000000000000000e+03 6.000000000000000000e+01
2.536010100000000000e+07 2.014000000000000000e+03 1.200000000000000000e+01
2.328752600000000000e+07 2.013000000000000000e+03 1.400000000000000000e+01
2.263421600000000000e+07 2.012000000000000000e+03 1.600000000000000000e+01
2.558527600000000000e+07 2.015000000000000000e+03 3.200000000000000000e+01
2.135626700000000000e+07 2.011000000000000000e+03 5.400000000000000000e+01
2.461668400000000000e+07 2.014000000000000000e+03 1.400000000000000000e+01
2.493617800000000000e+07 2.014000000000000000e+03 2.000000000000000000e+01
2.200059700000000000e+07 2.012000000000000000e+03 1.600000000000000000e+01
2.401254600000000000e+07 2.014000000000000000e+03 2.000000000000000000e+01
2.132967700000000000e+07 2.011000000000000000e+03 1.600000000000000000e+01
2.368487000000000000e+07 2.013000000000000000e+03 1.800000000000000000e+01
2.314624700000000000e+07 2.013000000000000000e+03 3.200000000000000000e+01
2.372788100000000000e+07 2.013000000000000000e+03 2.100000000000000000e+01
2.355585200000000000e+07 2.013000000000000000e+03 1.400000000000000000e+01
2.314625400000000000e+07 2.013000000000000000e+03 1.100000000000000000e+01
2.222875200000000000e+07 2.012000000000000000e+03 4.500000000000000000e+01
2.270165500000000000e+07 2.012000000000000000e+03 1.700000000000000000e+01
2.368488200000000000e+07 2.013000000000000000e+03 2.000000000000000000e+01
2.375027500000000000e+07 2.013000000000000000e+03 8.900000000000000000e+01
2.384053300000000000e+07 2.013000000000000000e+03 1.800000000000000000e+01
2.215503100000000000e+07 2.012000000000000000e+03 8.000000000000000000e+00
2.256906300000000000e+07 2.012000000000000000e+03 1.370000000000000000e+02
2.404739000000000000e+07 2.014000000000000000e+03 1.300000000000000000e+01
2.369309000000000000e+07 2.013000000000000000e+03 1.600000000000000000e+01
2.595614100000000000e+07 2.015000000000000000e+03 4.000000000000000000e+00
2.289233400000000000e+07 2.012000000000000000e+03 1.500000000000000000e+01
2.415595200000000000e+07 2.013000000000000000e+03 1.900000000000000000e+01
2.351492900000000000e+07 2.013000000000000000e+03 8.000000000000000000e+00
2.167173300000000000e+07 2.011000000000000000e+03 2.400000000000000000e+01
2.370010500000000000e+07 2.014000000000000000e+03 4.000000000000000000e+01
2.340844000000000000e+07 2.014000000000000000e+03 3.500000000000000000e+01
2.204447500000000000e+07 2.012000000000000000e+03 1.340000000000000000e+02
2.426042000000000000e+07 2.013000000000000000e+03 3.400000000000000000e+01
2.545031500000000000e+07 2.015000000000000000e+03 1.100000000000000000e+01
2.537045200000000000e+07 2.015000000000000000e+03 1.000000000000000000e+01
2.125479800000000000e+07 2.011000000000000000e+03 1.200000000000000000e+01
2.336341400000000000e+07 2.013000000000000000e+03 8.700000000000000000e+01
2.560802300000000000e+07 2.015000000000000000e+03 1.200000000000000000e+01
2.527215400000000000e+07 2.014000000000000000e+03 4.000000000000000000e+01
2.449801200000000000e+07 2.014000000000000000e+03 2.500000000000000000e+01
2.351293000000000000e+07 2.014000000000000000e+03 3.500000000000000000e+01
2.605326500000000000e+07 2.015000000000000000e+03 2.100000000000000000e+01
2.373412000000000000e+07 2.013000000000000000e+03 2.900000000000000000e+01
2.345559300000000000e+07 2.013000000000000000e+03 2.500000000000000000e+01
2.547902100000000000e+07 2.015000000000000000e+03 1.500000000000000000e+01
2.109425800000000000e+07 2.012000000000000000e+03 9.600000000000000000e+01
2.269989600000000000e+07 2.012000000000000000e+03 2.100000000000000000e+01
2.595417200000000000e+07 2.015000000000000000e+03 2.200000000000000000e+01
2.371980600000000000e+07 2.013000000000000000e+03 1.500000000000000000e+01
2.303451700000000000e+07 2.012000000000000000e+03 6.700000000000000000e+01
2.174144300000000000e+07 2.011000000000000000e+03 1.600000000000000000e+01
2.422772100000000000e+07 2.013000000000000000e+03 1.230000000000000000e+02
2.225081800000000000e+07 2.012000000000000000e+03 2.400000000000000000e+01
2.507150500000000000e+07 2.014000000000000000e+03 2.300000000000000000e+01
2.374849900000000000e+07 2.014000000000000000e+03 3.500000000000000000e+01
2.507150800000000000e+07 2.014000000000000000e+03 4.400000000000000000e+01
2.080757500000000000e+07 2.011000000000000000e+03 3.200000000000000000e+01
2.546345000000000000e+07 2.015000000000000000e+03 3.000000000000000000e+01
2.507152100000000000e+07 2.014000000000000000e+03 1.500000000000000000e+01
2.223094700000000000e+07 2.012000000000000000e+03 1.600000000000000000e+01
2.139126800000000000e+07 2.012000000000000000e+03 2.000000000000000000e+01
2.487491900000000000e+07 2.015000000000000000e+03 1.780000000000000000e+02
2.138923400000000000e+07 2.011000000000000000e+03 1.100000000000000000e+01
2.373420200000000000e+07 2.013000000000000000e+03 1.300000000000000000e+01
2.153055700000000000e+07 2.011000000000000000e+03 8.000000000000000000e+00
2.389190400000000000e+07 2.014000000000000000e+03 6.000000000000000000e+00
2.370759000000000000e+07 2.013000000000000000e+03 2.700000000000000000e+01
2.343520900000000000e+07 2.013000000000000000e+03 1.800000000000000000e+01
2.388782000000000000e+07 2.014000000000000000e+03 2.000000000000000000e+01
2.392263800000000000e+07 2.013000000000000000e+03 2.900000000000000000e+01
2.432609500000000000e+07 2.014000000000000000e+03 2.300000000000000000e+01
2.357857600000000000e+07 2.013000000000000000e+03 2.600000000000000000e+01
2.355810200000000000e+07 2.013000000000000000e+03 2.000000000000000000e+01
2.152034600000000000e+07 2.012000000000000000e+03 1.700000000000000000e+01
2.552828800000000000e+07 2.015000000000000000e+03 1.600000000000000000e+01
2.441622900000000000e+07 2.014000000000000000e+03 1.500000000000000000e+01
2.316081100000000000e+07 2.014000000000000000e+03 2.200000000000000000e+01
2.356836500000000000e+07 2.014000000000000000e+03 1.300000000000000000e+01
2.346596700000000000e+07 2.013000000000000000e+03 3.300000000000000000e+01
2.316081700000000000e+07 2.014000000000000000e+03 2.200000000000000000e+01
2.445310700000000000e+07 2.014000000000000000e+03 2.200000000000000000e+01
2.141491000000000000e+07 2.011000000000000000e+03 3.200000000000000000e+01
2.391653700000000000e+07 2.013000000000000000e+03 1.400000000000000000e+01
2.524108400000000000e+07 2.015000000000000000e+03 6.000000000000000000e+02
2.180710100000000000e+07 2.012000000000000000e+03 1.200000000000000000e+01
2.386773300000000000e+07 2.013000000000000000e+03 3.600000000000000000e+01
