2.014000000000000000e+03 9.500000000000000000e+01
2.015000000000000000e+03 4.600000000000000000e+01
2.001000000000000000e+03 8.000000000000000000e+00
2.009000000000000000e+03 3.700000000000000000e+01
2.013000000000000000e+03 3.300000000000000000e+01
2.010000000000000000e+03 2.700000000000000000e+01
2.008000000000000000e+03 2.000000000000000000e+01
2.013000000000000000e+03 3.300000000000000000e+01
2.010000000000000000e+03 1.900000000000000000e+01
2.014000000000000000e+03 1.510000000000000000e+02
2.012000000000000000e+03 4.600000000000000000e+01
2.012000000000000000e+03 7.200000000000000000e+01
2.012000000000000000e+03 1.300000000000000000e+01
2.015000000000000000e+03 1.220000000000000000e+02
2.007000000000000000e+03 1.600000000000000000e+01
2.014000000000000000e+03 6.000000000000000000e+01
2.006000000000000000e+03 1.000000000000000000e+01
2.013000000000000000e+03 2.700000000000000000e+01
2.007000000000000000e+03 6.000000000000000000e+01
2.010000000000000000e+03 1.000000000000000000e+02
2.011000000000000000e+03 1.900000000000000000e+01
2.010000000000000000e+03 5.800000000000000000e+01
2.010000000000000000e+03 4.200000000000000000e+01
2.009000000000000000e+03 1.800000000000000000e+01
2.010000000000000000e+03 3.100000000000000000e+01
2.011000000000000000e+03 7.000000000000000000e+00
2.014000000000000000e+03 5.800000000000000000e+01
2.009000000000000000e+03 1.170000000000000000e+02
2.006000000000000000e+03 1.600000000000000000e+01
2.011000000000000000e+03 1.700000000000000000e+01
2.009000000000000000e+03 1.200000000000000000e+01
2.013000000000000000e+03 1.800000000000000000e+01
2.007000000000000000e+03 2.200000000000000000e+01
2.005000000000000000e+03 5.400000000000000000e+01
2.012000000000000000e+03 2.500000000000000000e+01
2.012000000000000000e+03 4.500000000000000000e+01
2.012000000000000000e+03 1.210000000000000000e+02
2.005000000000000000e+03 1.500000000000000000e+01
2.013000000000000000e+03 1.600000000000000000e+01
2.004000000000000000e+03 6.000000000000000000e+00
2.005000000000000000e+03 1.400000000000000000e+01
2.006000000000000000e+03 7.100000000000000000e+01
2.012000000000000000e+03 8.400000000000000000e+01
2.013000000000000000e+03 1.540000000000000000e+02
2.015000000000000000e+03 1.200000000000000000e+02
2.010000000000000000e+03 1.120000000000000000e+02
2.015000000000000000e+03 1.400000000000000000e+01
2.015000000000000000e+03 1.100000000000000000e+01
2.012000000000000000e+03 4.400000000000000000e+01
2.014000000000000000e+03 9.600000000000000000e+01
2.012000000000000000e+03 1.370000000000000000e+02
1.998000000000000000e+03 1.200000000000000000e+01
2.005000000000000000e+03 1.800000000000000000e+01
2.012000000000000000e+03 1.570000000000000000e+02
2.013000000000000000e+03 6.400000000000000000e+01
2.012000000000000000e+03 1.400000000000000000e+01
2.014000000000000000e+03 2.200000000000000000e+01
2.013000000000000000e+03 4.700000000000000000e+01
2.014000000000000000e+03 2.200000000000000000e+01
2.015000000000000000e+03 1.360000000000000000e+02
2.015000000000000000e+03 2.600000000000000000e+01
2.005000000000000000e+03 2.600000000000000000e+01
2.014000000000000000e+03 1.400000000000000000e+01
2.014000000000000000e+03 3.100000000000000000e+01
2.014000000000000000e+03 1.700000000000000000e+01
2.013000000000000000e+03 8.900000000000000000e+01
2.012000000000000000e+03 3.600000000000000000e+01
2.006000000000000000e+03 6.800000000000000000e+01
2.012000000000000000e+03 2.920000000000000000e+02
2.008000000000000000e+03 2.600000000000000000e+01
2.011000000000000000e+03 1.000000000000000000e+00
2.010000000000000000e+03 1.200000000000000000e+01
2.012000000000000000e+03 6.700000000000000000e+01
2.008000000000000000e+03 3.000000000000000000e+01
2.009000000000000000e+03 2.000000000000000000e+01
2.013000000000000000e+03 2.200000000000000000e+01
2.009000000000000000e+03 1.000000000000000000e+01
2.012000000000000000e+03 1.300000000000000000e+01
2.013000000000000000e+03 6.400000000000000000e+01
2.015000000000000000e+03 7.000000000000000000e+00
2.002000000000000000e+03 1.400000000000000000e+01
2.009000000000000000e+03 1.600000000000000000e+01
2.014000000000000000e+03 1.600000000000000000e+01
2.013000000000000000e+03 4.100000000000000000e+01
2.009000000000000000e+03 4.400000000000000000e+01
2.010000000000000000e+03 7.300000000000000000e+01
2.010000000000000000e+03 6.400000000000000000e+01
2.006000000000000000e+03 1.000000000000000000e+01
2.012000000000000000e+03 5.000000000000000000e+01
2.014000000000000000e+03 8.000000000000000000e+01
2.010000000000000000e+03 3.900000000000000000e+01
2.009000000000000000e+03 2.000000000000000000e+01
2.011000000000000000e+03 2.300000000000000000e+01
2.004000000000000000e+03 4.700000000000000000e+01
2.012000000000000000e+03 1.880000000000000000e+02
2.010000000000000000e+03 1.200000000000000000e+01
2.008000000000000000e+03 1.800000000000000000e+01
2.005000000000000000e+03 2.200000000000000000e+01
2.014000000000000000e+03 1.900000000000000000e+01
2.010000000000000000e+03 2.000000000000000000e+01
2.007000000000000000e+03 1.100000000000000000e+01
2.014000000000000000e+03 6.200000000000000000e+01
2.004000000000000000e+03 1.200000000000000000e+01
2.014000000000000000e+03 5.700000000000000000e+01
2.014000000000000000e+03 1.900000000000000000e+01
2.012000000000000000e+03 1.600000000000000000e+01
2.014000000000000000e+03 1.600000000000000000e+01
2.011000000000000000e+03 4.800000000000000000e+01
2.014000000000000000e+03 3.300000000000000000e+01
2.006000000000000000e+03 3.000000000000000000e+00
2.009000000000000000e+03 1.800000000000000000e+01
2.004000000000000000e+03 1.500000000000000000e+01
2.004000000000000000e+03 8.000000000000000000e+00
2.014000000000000000e+03 3.000000000000000000e+01
2.003000000000000000e+03 1.000000000000000000e+01
2.014000000000000000e+03 3.900000000000000000e+01
2.014000000000000000e+03 1.700000000000000000e+01
2.015000000000000000e+03 1.200000000000000000e+01
2.014000000000000000e+03 4.600000000000000000e+01
2.004000000000000000e+03 4.400000000000000000e+01
2.015000000000000000e+03 1.700000000000000000e+01
2.007000000000000000e+03 2.900000000000000000e+01
2.012000000000000000e+03 2.000000000000000000e+01
2.015000000000000000e+03 4.000000000000000000e+01
2.013000000000000000e+03 3.100000000000000000e+01
2.007000000000000000e+03 1.000000000000000000e+01
2.012000000000000000e+03 1.000000000000000000e+01
2.005000000000000000e+03 9.000000000000000000e+00
2.013000000000000000e+03 4.700000000000000000e+01
2.012000000000000000e+03 1.000000000000000000e+01
2.013000000000000000e+03 2.100000000000000000e+01
2.010000000000000000e+03 7.000000000000000000e+00
2.013000000000000000e+03 4.000000000000000000e+00
2.003000000000000000e+03 1.700000000000000000e+01
2.009000000000000000e+03 2.000000000000000000e+00
2.013000000000000000e+03 2.800000000000000000e+01
2.014000000000000000e+03 9.300000000000000000e+01
2.015000000000000000e+03 1.570000000000000000e+02
2.013000000000000000e+03 1.700000000000000000e+01
2.013000000000000000e+03 1.300000000000000000e+01
2.010000000000000000e+03 2.600000000000000000e+01
2.014000000000000000e+03 1.800000000000000000e+01
2.014000000000000000e+03 3.300000000000000000e+01
2.011000000000000000e+03 1.200000000000000000e+01
2.013000000000000000e+03 2.500000000000000000e+01
2.008000000000000000e+03 1.900000000000000000e+01
2.013000000000000000e+03 3.400000000000000000e+01
2.010000000000000000e+03 2.800000000000000000e+01
2.007000000000000000e+03 2.000000000000000000e+01
2.011000000000000000e+03 1.700000000000000000e+01
2.013000000000000000e+03 3.200000000000000000e+01
2.007000000000000000e+03 1.900000000000000000e+01
2.012000000000000000e+03 3.800000000000000000e+01
2.014000000000000000e+03 3.000000000000000000e+01
2.015000000000000000e+03 5.300000000000000000e+01
2.013000000000000000e+03 4.400000000000000000e+01
2.009000000000000000e+03 7.000000000000000000e+00
2.014000000000000000e+03 2.200000000000000000e+01
2.007000000000000000e+03 1.000000000000000000e+01
2.010000000000000000e+03 3.400000000000000000e+01
2.013000000000000000e+03 1.020000000000000000e+02
2.013000000000000000e+03 2.530000000000000000e+02
2.006000000000000000e+03 8.300000000000000000e+01
2.007000000000000000e+03 1.200000000000000000e+01
2.010000000000000000e+03 1.900000000000000000e+01
2.002000000000000000e+03 5.000000000000000000e+00
2.010000000000000000e+03 4.200000000000000000e+01
2.009000000000000000e+03 9.000000000000000000e+00
2.011000000000000000e+03 1.200000000000000000e+01
2.011000000000000000e+03 4.400000000000000000e+01
2.010000000000000000e+03 1.700000000000000000e+01
2.010000000000000000e+03 2.000000000000000000e+01
2.011000000000000000e+03 2.000000000000000000e+01
2.014000000000000000e+03 2.000000000000000000e+01
2.013000000000000000e+03 7.100000000000000000e+01
2.005000000000000000e+03 7.000000000000000000e+00
2.005000000000000000e+03 1.700000000000000000e+01
2.012000000000000000e+03 5.100000000000000000e+02
2.012000000000000000e+03 1.400000000000000000e+01
2.010000000000000000e+03 2.800000000000000000e+01
2.008000000000000000e+03 5.000000000000000000e+01
2.013000000000000000e+03 1.938000000000000000e+03
2.010000000000000000e+03 8.400000000000000000e+01
2.007000000000000000e+03 1.500000000000000000e+01
2.009000000000000000e+03 4.900000000000000000e+01
2.014000000000000000e+03 1.200000000000000000e+01
2.015000000000000000e+03 7.000000000000000000e+01
2.015000000000000000e+03 2.060000000000000000e+02
2.013000000000000000e+03 4.800000000000000000e+01
2.012000000000000000e+03 1.700000000000000000e+01
2.010000000000000000e+03 8.300000000000000000e+01
2.011000000000000000e+03 2.200000000000000000e+01
2.011000000000000000e+03 1.000000000000000000e+00
2.003000000000000000e+03 1.200000000000000000e+01
2.009000000000000000e+03 1.900000000000000000e+01
2.002000000000000000e+03 1.700000000000000000e+01
2.015000000000000000e+03 3.080000000000000000e+02
2.011000000000000000e+03 3.900000000000000000e+01
2.006000000000000000e+03 1.600000000000000000e+01
2.013000000000000000e+03 2.350000000000000000e+02
2.013000000000000000e+03 4.200000000000000000e+01
2.008000000000000000e+03 1.700000000000000000e+01
2.014000000000000000e+03 2.400000000000000000e+01
2.013000000000000000e+03 2.700000000000000000e+01
2.015000000000000000e+03 3.200000000000000000e+02
2.010000000000000000e+03 1.300000000000000000e+01
2.010000000000000000e+03 1.500000000000000000e+01
2.014000000000000000e+03 2.000000000000000000e+01
2.004000000000000000e+03 1.200000000000000000e+01
2.013000000000000000e+03 1.500000000000000000e+02
2.004000000000000000e+03 1.500000000000000000e+01
2.013000000000000000e+03 2.700000000000000000e+01
2.014000000000000000e+03 2.030000000000000000e+02
2.015000000000000000e+03 5.000000000000000000e+00
2.010000000000000000e+03 1.200000000000000000e+01
2.005000000000000000e+03 1.000000000000000000e+02
2.015000000000000000e+03 1.600000000000000000e+01
2.014000000000000000e+03 2.000000000000000000e+01
2.006000000000000000e+03 1.200000000000000000e+01
2.013000000000000000e+03 6.600000000000000000e+01
2.011000000000000000e+03 3.200000000000000000e+01
2.014000000000000000e+03 2.500000000000000000e+01
2.013000000000000000e+03 7.000000000000000000e+01
2.015000000000000000e+03 3.700000000000000000e+01
2.008000000000000000e+03 1.050000000000000000e+02
2.013000000000000000e+03 2.000000000000000000e+01
2.014000000000000000e+03 3.500000000000000000e+01
2.014000000000000000e+03 1.170000000000000000e+02
2.010000000000000000e+03 3.100000000000000000e+01
2.008000000000000000e+03 1.200000000000000000e+01
2.010000000000000000e+03 1.800000000000000000e+01
2.011000000000000000e+03 2.200000000000000000e+01
2.013000000000000000e+03 1.900000000000000000e+01
2.009000000000000000e+03 7.000000000000000000e+00
